80 88 679
71 59 900
2 85 662
40 59 514
48 7 223
17 85 818
52 95 100
9 96 745
24 10 696
44 32 236
47 11 306
92 81 127
38 97 208
78 81 715
27 37 409
64 92 688
1 95 455
93 5 186
47 72 624
36 59 422
48 21 621
42 84 290
59 52 996
56 79 524
50 62 90
8 84 115
88 92 641
93 89 23
58 47 539
23 27 613
54 6 979
41 58 186
9 93 437
20 42 147
62 67 39
52 97 899
60 65 952
67 96 867
10 42 39
39 19 29
88 60 103
63 30 249
2 32 703
82 100 555
14 13 62
12 16 174
39 94 458
96 79 704
32 65 628
96 76 976
19 86 160
72 7 484
41 63 229
5 75 945
39 59 340
5 19 333
39 53 21
22 55 511
96 46 529
76 4 845
69 78 900
47 82 670
28 9 883
55 5 412
61 100 16
86 27 687
20 1 587
23 13 699
61 31 879
40 62 288
84 100 52
91 62 431
88 71 437
51 26 634
36 15 803
35 81 815
21 5 95
86 27 163
52 1 119
28 66 754
74 37 440
67 70 597
28 5 79
30 10 987
41 23 376
65 52 402
90 76 316
64 8 687
15 13 939
69 100 926
49 79 25
53 83 638
82 16 225
7 78 341
18 90 170
89 99 682
49 60 12
32 93 499
11 28 91
77 45 428
97 16 233
96 44 326
44 82 170
29 58 404
34 65 554
52 92 653
54 24 5
85 18 501
98 79 786
85 86 940
26 93 90
41 43 155
2 40 917
35 64 530
45 100 809
18 96 220
62 76 943
36 58 286
71 19 536
8 50 266
18 90 750
64 7 124
88 32 733
62 43 155
55 38 605
2 37 38
32 83 17
22 41 896
64 90 244
11 34 205
26 23 875
88 79 942
54 21 751
10 50 41
38 13 609
12 99 1000
26 98 397
58 73 412
84 74 898
17 98 83
85 57 393
94 67 19
78 60 535
1 64 391
34 58 666
78 56 309
98 53 99
62 96 472
33 16 785
12 90 234
97 11 350
10 16 826
95 83 833
86 44 108
49 51 839
3 2 969
74 24 13
80 91 796
17 87 600
75 36 870
91 80 3
65 58 282
45 76 432
57 68 183
1 95 36
21 67 362
54 55 14
76 73 384
34 8 9
18 25 986
83 46 395
55 30 713
79 49 122
38 58 221
84 1 855
49 5 748
92 65 908
97 2 114
24 21 144
98 29 32
64 83 739
18 100 377
37 60 867
52 6 359
56 51 897
13 48 282
10 8 392
37 40 215
85 83 450
75 57 365
48 16 551
95 48 676
23 15 769
21 29 139
79 85 419
87 60 411
89 63 779
57 6 595
13 15 903
61 48 307
60 3 1
24 15 31
91 13 615
78 2 458
49 50 35
90 3 504
8 19 316
13 73 47
17 26 45
64 99 139
100 66 112
55 81 591
71 82 329
30 74 414
61 94 25
72 8 755
56 48 279
13 28 64
80 10 522
66 18 206
51 86 817
67 66 342
65 20 236
62 85 216
64 76 932
33 72 65
7 66 638
3 4 86
50 67 211
99 7 372
67 90 628
73 83 842
49 46 463
52 69 877
78 27 679
44 68 378
12 47 954
52 4 472
76 78 177
36 80 974
37 85 972
68 8 108
99 91 465
38 52 425
9 4 107
68 55 198
22 67 11
17 81 929
88 43 200
52 99 777
22 79 369
9 79 624
9 61 428
22 14 371
49 44 741
81 26 314
29 92 696
65 98 330
70 10 962
5 9 231
40 43 498
49 16 191
55 41 881
68 12 79
34 72 912
70 45 260
14 60 462
47 68 76
56 76 729
54 43 784
90 26 591
9 72 13
72 95 944
23 49 43
74 16 863
20 38 868
87 6 456
65 28 809
56 3 694
100 43 3
87 2 819
13 53 397
5 85 52
43 80 732
63 21 421
14 70 704
82 84 918
10 84 523
95 40 714
19 83 263
98 73 711
75 35 631
96 13 837
35 83 825
88 94 466
93 67 852
11 86 595
46 81 657
53 89 442
43 51 693
38 23 540
79 47 565
35 20 649
85 8 726
35 17 133
61 76 279
3 93 995
51 18 665
44 47 403
51 27 938
99 45 573
6 47 300
80 88 607
51 59 96
83 61 753
22 25 416
84 5 738
59 31 745
14 82 292
94 76 756
71 93 38
30 8 111
24 87 529
15 37 970
34 66 717
64 2 853
60 46 931
85 16 834
39 21 990
12 68 633
50 8 375
67 77 705
4 98 537
92 18 478
71 24 904
29 48 83
64 71 72
38 70 958
45 14 902
24 50 501
18 72 591
11 79 121
72 25 400
88 49 649
89 1 257
21 84 871
8 16 134
52 62 970
87 31 372
9 66 885
33 93 572
10 53 65
57 77 126
13 33 880
68 50 132
68 44 421
84 64 349
70 82 992
13 42 518
96 97 436
44 2 736
4 5 379
86 15 228
25 75 257
17 44 255
60 27 234
85 53 655
87 38 826
54 51 689
59 48 500
81 54 972
29 86 812
41 43 616
70 5 267
30 53 194
99 75 989
84 87 531
78 91 137
98 78 433
61 95 949
23 41 745
97 91 18
63 45 730
13 95 375
73 19 477
37 38 451
97 42 523
58 45 384
64 40 676
23 7 601
75 48 801
89 81 319
78 89 427
57 20 37
24 9 130
84 35 56
69 87 709
10 67 348
73 75 309
64 94 773
34 69 528
97 41 906
92 34 350
44 73 27
53 20 57
49 16 417
13 60 600
97 98 564
76 10 612
16 71 448
74 90 172
52 58 520
52 5 652
70 53 567
10 38 452
81 24 300
91 68 306
64 44 129
32 64 582
25 3 208
5 92 926
30 19 663
23 73 464
31 58 739
32 51 146
54 80 203
40 89 643
44 9 454
86 89 4
94 52 457
69 44 621
71 72 999
48 22 947
20 86 790
10 7 193
92 51 138
13 99 360
63 87 931
21 49 340
13 75 399
17 15 145
36 40 617
76 13 497
41 45 908
36 40 219
46 20 468
36 99 432
33 40 71
47 32 452
46 22 830
59 16 491
57 35 453
42 46 548
70 6 941
55 33 870
1 28 327
66 13 85
35 56 950
61 40 407
37 9 270
32 78 294
54 23 179
95 60 845
100 63 69
55 4 719
19 98 123
35 80 645
13 94 298
45 5 679
56 59 779
31 53 296
54 65 512
36 62 165
32 16 927
90 85 349
55 14 156
60 59 206
12 54 802
61 24 221
62 68 634
35 61 511
40 65 92
41 17 898
8 28 80
42 40 796
42 72 664
7 50 433
28 99 144
62 32 605
81 30 210
64 92 12
25 58 454
22 28 741
65 51 421
59 64 102
21 59 453
63 5 794
44 60 314
2 36 540
71 42 730
10 97 736
44 8 93
29 83 941
14 58 490
26 2 826
48 19 836
70 9 453
35 4 555
72 60 165
6 54 975
99 93 558
31 55 130
49 89 770
27 100 723
30 58 746
19 31 714
25 89 330
76 4 89
34 94 9
57 65 985
24 4 655
38 68 12
50 51 639
86 7 389
5 18 281
99 55 664
15 93 262
70 78 803
15 94 234
48 91 136
38 58 349
12 50 208
100 87 700
67 49 853
28 24 712
21 20 629
94 35 11
55 89 24
57 1 539
68 79 888
63 71 349
2 19 233
62 34 836
90 69 324
34 82 838
80 85 34
60 79 283
96 5 973
1 23 891
80 18 728
14 66 524
81 5 643
36 26 374
20 43 999
28 89 904
18 75 201
36 7 426
92 69 404
4 93 765
74 42 83
56 74 707
51 73 930
92 66 454
35 79 852
60 48 898
64 28 234
61 55 300
14 44 644
30 23 997
25 75 353
83 38 911
16 77 713
30 4 312
44 15 758
28 93 497
11 18 113
22 95 406
44 59 327
32 47 153
94 61 746
42 28 478
63 24 115
36 94 910
22 12 747
100 87 355
75 61 724
46 52 290
42 47 733
78 43 463
7 61 768
65 59 605
58 3 72
82 23 631
60 82 544
11 39 589
88 49 875
11 90 887
15 85 62
27 26 705
96 13 418
52 99 841
91 8 396
83 61 187
12 97 972
58 86 942
11 88 522
24 82 20
63 12 184
81 96 466
70 78 24
60 9 123
40 34 350
80 90 401
5 38 97
32 2 382
1 59 486
35 22 880
62 24 711
88 24 402
10 7 702
84 40 939
78 79 793
54 16 951
4 27 377
60 72 932
7 3 24
59 17 579
32 70 805
68 34 144
45 43 281
93 35 93
82 85 483
69 75 151
58 88 293
22 59 985
74 31 600
34 36 457
65 34 174
79 34 413
59 91 165
27 87 543
38 65 363
98 65 932
100 10 297
61 65 968
54 80 123
100 58 677
32 21 510
97 75 125
56 33 576
11 74 575
70 1 619
68 51 972
26 54 866
8 43 578
38 55 618
95 24 325
42 74 584
14 84 63
7 52 218
91 8 164
96 88 311
45 99 402
52 40 547
28 7 797
15 97 620
30 37 168
40 6 85
24 34 293
8 96 916
79 5 391
23 16 422
38 54 580
39 24 127
77 42 480
23 82 353
44 10 527
70 73 461
96 100 409
3 33 266
70 46 367
50 61 819
27 26 915
15 40 337
2 67 136
22 70 908
74 32 526
4 100 667
7 65 802
9 92 750
83 24 907
82 91 773
27 60 289
2 55 787
54 94 872
83 35 13
96 17 273
53 1 653
14 49 614
50 31 400
79 19 308
2 12 877
69 33 179
15 19 959
5 90 700
61 18 437
91 84 902
47 11 377
35 23 69
50 35 651
77 41 659
61 44 808
87 14 974
67 53 960
4 46 474
36 89 577
15 52 882
78 74 492
94 96 846
34 98 160
20 72 980
88 29 683
47 88 447
15 17 407
10 64 547
73 72 813
40 8 154
96 90 138
6 21 885
82 73 998
40 3 108
79 98 269
90 97 667
61 20 899
6 34 546
76 59 240
84 33 455
14 6 771
12 41 71
89 75 271
66 77 453
51 82 755
7 52 918
98 77 779
72 40 480
93 54 585
30 53 467
45 43 709
56 57 213
89 72 507
12 91 342
35 40 242
82 91 827
72 64 528
66 40 415
55 20 399
51 28 418
39 24 61
57 92 462
15 26 707
51 85 134
57 75 978
92 1 275
58 100 84
76 75 389
80 9 824
39 48 783
91 10 782
81 87 660
66 55 646
46 96 100
61 64 305
78 5 54
15 94 383
46 92 609
56 66 246
84 98 359
100 12 597
97 32 253
3 31 514
82 53 768
22 67 783
84 50 513
24 97 762
56 26 516
43 25 496
20 50 681
6 44 567
99 95 163
25 20 275
52 59 514
4 46 970
83 94 188
30 77 329
22 29 737
69 35 549
26 38 829
98 83 829
10 12 732
18 45 724
39 67 474
45 66 954
13 63 526
91 71 128
100 72 568
18 63 185
16 2 733
14 84 23
8 3 799
16 14 754
75 50 395
32 38 592
81 45 147
65 85 573
88 95 676
61 85 374
13 17 26
59 18 782
21 38 971
25 14 564
72 27 808
78 62 230
34 22 46
69 73 845
96 90 758
20 28 113
64 23 643
61 27 211
61 4 972
83 89 279
29 55 332
18 47 211
73 60 210
78 96 392
79 78 77
22 54 806
71 1 866
94 62 739
89 27 445
13 64 688
7 78 809
59 87 531
42 10 323
59 25 534
93 35 44
28 77 502
86 21 247
25 85 813
67 69 153
35 69 905
25 98 973
12 73 91
56 81 188
46 84 394
66 81 106
86 90 795
25 13 466
56 60 742
65 91 293
86 69 330
86 40 466
28 67 95
5 63 237
100 1 805
66 65 668
17 6 993
51 52 206
98 44 180
52 90 667
62 28 338
97 38 62
81 11 586
40 92 557
25 40 475
16 50 414
66 59 720
91 80 284
20 79 551
71 11 710
18 89 770
38 55 528
75 68 346
41 83 740
31 25 894
35 78 217
28 93 154
80 29 548
73 45 783
38 89 17
25 99 887
68 33 309
85 90 440
34 21 846
65 41 558
18 42 186
70 66 997
99 45 562
91 2 875
99 62 240
48 60 140
6 96 647
73 39 195
4 24 940
27 21 690
77 64 248
5 26 252
69 15 972
3 72 232
95 52 807
88 37 962
30 26 279
85 3 200
29 25 417
99 40 630
13 82 250
77 24 739
60 87 238
59 37 832
27 11 428
2 6 856
20 6 353
49 91 236
48 73 289
79 4 167
98 18 605
90 86 155
13 4 925
24 81 44
16 92 872
53 70 330
12 81 660
28 3 42
92 18 412
67 18 666
68 93 852
1 79 147
59 18 76
74 99 684
71 61 945
2 71 199
67 63 563
92 79 28
60 2 565
82 32 367
17 59 854
35 57 328
34 16 853
29 62 243
17 71 47
97 25 464
8 46 71
96 56 851
84 16 596
35 66 502
1 84 660
93 52 371
36 46 695
69 73 342
89 74 931
83 52 206
4 99 191
49 14 493
50 83 560
77 67 632
29 85 866
20 28 986
88 90 679
20 69 344
58 100 519
58 40 386
26 21 311
3 46 97
34 61 293
52 67 990
44 30 392
88 70 143
42 61 373
48 42 648
16 68 108
77 89 112
92 14 776
53 7 878
91 77 960
38 67 445
91 87 818
10 24 611
34 85 521
81 61 835
45 19 209
59 52 578
69 60 719
50 57 312
28 73 368
87 64 515
48 19 588
28 31 745
94 13 812
46 9 355
20 89 559
61 57 548
96 61 877
48 8 992
32 34 815
99 52 142
30 11 345
30 91 801
3 16 421
13 34 109
93 8 656
74 25 133
42 60 419
93 95 482
1 51 460
39 67 196
26 42 947
2 43 259
17 100 523
94 22 699
94 28 423
20 94 475
71 35 378
86 11 700
97 24 614
53 36 347
36 37 995
93 63 916
46 92 537
24 21 438
37 99 81
46 18 220
3 86 920
33 73 334
42 87 452
59 65 559
19 12 533
57 30 364
61 60 478
37 93 309
46 90 151
84 55 87
33 48 358
82 93 258
85 56 525
79 62 273
3 7 668
59 51 985
82 55 833
67 61 97
9 47 564
42 23 147
38 81 738
53 16 522
99 90 305
76 40 214
93 65 487
51 91 128
64 94 95
68 48 968
94 11 999
71 86 33
13 22 7
35 60 556
10 36 938
20 33 163
15 65 205
22 45 736
18 89 306
19 81 829
53 13 795
7 83 220
96 16 103
2 59 927
65 100 497
40 90 795
78 1 422
31 68 300
37 5 765
96 25 719
60 30 944
100 33 963
100 11 994
22 63 11
10 16 849
30 49 3
16 21 940
58 76 253
29 2 893
37 1 832
100 64 891
63 71 486
67 28 473
85 49 255
67 98 982
4 26 999
85 93 383
75 49 393
40 77 659
3 12 661
32 31 956
97 94 193
60 93 273
12 95 310
90 40 362
14 75 860
42 16 758
47 35 809
10 17 481
26 27 206
5 7 965
71 43 404
77 45 920
94 77 109
29 54 496
33 17 669
14 57 304
52 92 934
94 89 441
75 12 373
41 21 397
34 93 82
95 61 687
10 42 97
96 22 138
93 14 467
29 59 904
9 97 443
98 26 121
26 97 114
76 90 317
96 21 722
41 13 562
80 99 545
98 58 64
39 44 536
52 73 444
6 19 204
92 65 583
33 98 161
97 1 265
7 63 424
5 20 658
94 98 87
39 60 581
4 68 772
79 75 200
1 57 149
66 79 778
10 6 462
29 90 366
25 26 829
35 12 862
18 79 276
18 15 390
61 78 375
61 67 549
2 51 416
19 2 204
35 3 198
67 40 839
82 19 214
59 47 248
80 10 283
77 78 631
17 23 111
90 40 530
38 78 735
25 59 797
70 21 772
43 96 188
39 27 688
87 92 393
57 89 323
97 48 997
83 77 620
83 47 92
83 77 534
61 89 981
50 65 629
67 79 20
17 54 726
71 40 642
57 65 826
43 30 403
75 94 514
53 18 287
84 44 950
46 40 88
32 48 455
6 83 6
17 15 160
77 29 973
35 70 887
5 52 37
46 77 625
47 24 695
50 72 338
76 78 749
17 69 957
34 12 625
5 3 19
58 35 815
70 79 180
57 36 224
97 31 260
76 26 355
39 69 399
39 81 736
36 73 321
23 82 924
68 46 353
33 16 752
82 5 825
6 47 329
52 16 175
72 71 665
64 66 322
82 24 111
78 47 604
95 36 368
1 79 961
48 28 224
12 42 940
61 65 109
41 83 619
94 96 977
12 46 663
5 35 717
62 96 478
72 44 857
34 57 80
83 58 952
60 59 770
50 98 26
33 2 128
83 17 539
23 26 217
56 34 36
99 93 89
99 53 576
39 97 768
74 50 553
76 93 489
91 21 236
99 11 823
33 84 735
85 8 824
49 8 176
99 86 818
11 3 609
100 44 979
62 99 164
23 47 596
22 51 278
93 29 917
23 41 81
69 47 251
90 95 154
11 24 537
83 74 474
65 23 759
2 89 341
79 68 597
27 33 219
56 84 249
35 41 989
32 24 633
51 15 818
87 54 479
86 40 969
17 30 419
48 98 156
76 62 434
12 66 602
81 89 34
10 18 342
39 9 646
43 32 579
73 27 364
35 26 823
28 32 168
65 50 276
82 7 718
87 1 72
93 9 7
21 90 407
43 42 466
15 50 833
15 72 937
98 80 339
65 55 126
5 68 538
9 71 882
76 33 743
46 41 914
15 74 556
49 96 451
71 56 750
14 41 864
47 60 407
81 42 445
51 72 316
100 91 389
55 29 666
35 86 87
64 59 897
72 55 969
46 90 124
11 69 933
88 96 495
39 47 48
41 50 27
46 84 686
44 17 211
96 34 923
19 83 528
40 79 175
30 59 309
54 47 251
22 49 818
91 46 86
49 56 752
20 77 213
94 70 778
1 54 391
16 82 859
76 73 418
68 4 930
25 48 743
91 5 434
37 28 744
44 8 342
57 23 179
92 99 791
94 58 661
47 20 486
96 30 107
84 64 353
61 47 713
25 36 792
99 4 913
52 64 992
86 4 276
70 45 269
94 87 270
68 96 388
64 93 880
36 34 210
84 49 797
66 77 310
5 58 290
82 98 287
4 99 636
91 94 90
89 68 469
21 16 684
19 60 756
93 20 607
45 92 400
56 16 832
42 50 724
4 79 187
1 9 612
85 51 655
1 72 969
62 58 268
52 64 520
92 36 296
83 7 357
16 4 180
53 99 433
13 25 385
75 45 746
57 51 335
60 33 400
51 87 541
73 78 463
33 52 946
71 2 462
45 39 630
6 71 545
62 13 410
46 34 878
65 24 218
38 89 859
28 86 352
4 97 141
48 46 430
51 1 201
44 74 28
65 9 528
26 5 809
51 89 251
69 53 217
46 57 36
49 22 329
87 9 481
75 88 558
34 41 646
53 74 740
83 7 499
47 79 988
77 82 40
4 21 918
11 93 8
89 88 99
43 96 525
39 81 703
23 24 493
78 46 768
7 46 35
36 11 999
22 50 711
57 63 630
74 40 972
39 1 636
79 43 140
8 60 518
84 80 884
42 100 560
68 60 844
43 98 987
22 54 299
67 77 355
19 15 862
4 99 484
13 43 960
28 6 905
81 70 989
55 44 160
75 89 816
58 85 743
65 68 959
5 56 559
5 93 160
70 84 871
100 13 348
85 86 740
11 86 548
28 23 691
58 57 410
34 50 192
56 78 215
21 51 334
49 25 379
12 100 928
6 73 614
33 74 794
8 50 540
14 13 855
92 100 573
30 4 369
88 18 210
16 35 385
1 52 361
53 4 686
66 60 280
58 40 563
61 25 292
37 82 953
42 1 718
85 26 420
80 91 219
93 14 253
86 28 741
10 96 388
42 71 817
35 86 535
75 79 16
14 52 443
77 18 718
84 93 258
1 80 822
90 27 947
62 67 801
32 25 271
94 49 212
30 12 854
14 67 781
35 25 448
62 100 571
55 56 588
15 51 93
21 11 970
21 60 146
48 83 699
11 97 919
73 19 205
93 56 34
5 90 592
60 29 877
36 52 753
43 15 828
72 49 146
9 7 425
61 62 380
44 45 802
90 99 327
71 31 442
58 81 361
47 35 658
55 63 709
4 77 223
91 4 49
65 14 401
60 40 422
65 9 811
23 40 846
1 28 843
71 34 709
46 36 491
46 97 227
99 50 400
100 5 953
67 64 749
60 86 587
40 70 424
53 72 529
76 70 936
18 27 189
95 70 408
100 21 799
90 61 366
20 62 884
4 33 905
36 25 761
16 42 742
65 88 585
15 93 843
69 51 379
35 64 865
99 54 81
79 81 94
57 71 390
15 84 533
89 21 763
57 9 776
49 34 214
51 76 905
3 81 43
1 52 525
10 37 955
79 63 513
80 32 233
31 75 580
35 53 389
74 83 320
48 9 301
21 64 76
45 46 259
35 46 415
83 21 657
37 46 953
1 92 97
29 97 343
42 82 647
97 30 13
65 28 317
19 11 663
64 33 710
45 13 774
54 77 100
63 91 244
74 51 630
83 21 764
42 66 82
71 8 505
80 65 838
13 49 495
86 11 312
79 22 991
66 85 432
18 33 666
44 33 837
72 37 147
51 79 323
61 87 183
47 23 392
73 47 930
80 30 659
24 76 657
68 7 124
17 39 801
16 11 225
3 67 675
19 30 608
73 45 32
80 38 272
80 44 266
84 10 909
28 13 880
28 21 991
5 87 990
21 20 622
85 37 533
51 2 395
3 76 796
98 81 16
32 21 382
76 49 720
43 97 426
96 29 585
12 1 590
16 79 696
4 27 840
25 5 973
24 67 290
35 11 199
31 54 559
78 9 619
32 1 780
86 43 228
61 82 946
91 19 245
62 100 844
4 64 646
18 48 30
17 56 22
53 54 570
37 65 832
41 25 847
66 89 656
45 42 750
31 50 705
1 12 729
79 13 906
54 51 433
53 60 462
9 54 454
2 49 793
99 36 849
98 85 396
21 56 760
52 91 839
81 15 656
23 49 368
71 92 404
78 67 768
12 10 269
70 89 173
74 1 991
9 46 639
22 51 590
15 7 587
81 70 305
49 75 638
59 6 32
22 78 997
84 98 765
27 56 227
29 44 188
65 64 697
35 9 541
11 15 955
44 31 820
71 6 724
78 72 73
18 22 438
66 36 742
6 25 527
65 45 20
74 26 463
18 17 419
53 5 624
79 85 147
87 84 36
19 50 504
87 38 650
18 14 703
86 85 350
78 37 439
15 53 359
57 23 146
50 74 733
4 47 645
52 23 96
9 34 386
68 87 999
59 34 680
70 36 237
93 10 229
99 52 342
21 19 408
33 11 136
90 5 267
72 35 739
54 49 278
25 29 392
31 7 14
59 6 587
98 78 483
76 48 760
71 12 132
93 86 131
32 49 970
70 61 450
28 34 595
98 18 462
68 11 156
61 68 625
36 16 756
28 57 667
82 21 533
53 3 392
94 52 15
41 100 478
40 99 986
95 45 698
91 43 499
34 14 587
34 29 303
37 82 710
63 28 762
27 13 273
90 69 746
1 48 887
13 2 820
20 49 771
70 40 38
88 3 116
32 38 369
58 89 60
67 28 130
38 65 11
83 18 201
98 37 379
3 100 291
7 68 40
48 89 516
63 69 88
59 41 855
20 10 386
27 36 998
21 18 298
82 62 784
10 14 732
42 14 696
59 54 227
47 30 566
3 24 142
80 24 4
65 66 297
39 27 612
64 54 181
26 9 577
7 28 252
84 1 631
7 96 711
55 12 405
12 64 513
50 56 398
99 63 813
4 63 978
95 48 176
3 13 874
28 73 316
74 22 1
79 96 408
45 52 104
45 50 638
27 4 231
57 72 216
84 13 643
45 57 162
83 58 419
28 88 221
8 46 797
33 98 582
10 86 301
60 100 376
70 31 270
81 47 52
13 7 474
88 6 851
42 75 986
70 86 40
79 98 319
99 47 145
82 29 750
78 72 388
10 44 404
86 49 308
19 29 509
55 29 824
98 1 878
83 15 517
21 4 850
84 63 238
16 71 64
67 39 773
23 12 584
31 21 773
76 9 70
77 66 485
17 43 714
43 69 533
80 24 898
73 34 472
11 88 611
2 88 322
19 13 425
45 37 522
32 93 883
68 22 121
44 30 219
21 70 639
35 34 80
98 43 122
60 88 237
68 89 229
40 42 791
94 8 169
20 27 564
79 65 307
13 19 83
90 62 617
31 58 828
52 79 706
40 37 47
90 6 698
19 63 235
40 28 92
65 3 983
35 73 99
62 51 566
59 36 524
24 42 647
85 33 231
66 88 598
3 9 909
70 62 94
15 2 651
25 70 214
50 63 994
35 62 625
87 68 942
96 33 271
76 78 893
42 66 627
26 90 269
45 62 212
4 56 870
45 16 436
11 34 816
26 94 523
41 31 579
63 45 505
66 65 947
97 67 868
81 51 818
14 42 849
25 84 920
68 38 918
98 22 564
46 69 858
23 79 372
77 74 169
11 30 295
30 6 854
7 30 107
8 32 76
51 85 272
90 4 142
83 24 164
14 51 104
35 67 573
1 6 561
18 75 556
75 46 665
46 89 745
31 18 388
76 8 309
79 25 607
9 11 377
67 64 606
70 33 294
81 89 902
78 60 93
54 93 349
67 16 892
18 15 62
29 19 429
56 50 170
36 28 349
12 90 782
99 73 931
99 23 750
50 11 58
69 49 70
13 93 48
55 37 511
42 87 420
54 19 916
11 85 572
81 31 709
41 72 709
92 60 571
64 24 280
77 54 574
80 31 467
17 14 257
10 73 651
48 34 893
6 44 880
22 73 791
18 97 551
46 10 88
67 62 227
42 20 342
21 91 815
24 81 851
92 51 527
64 100 319
35 76 209
85 67 416
22 62 357
21 54 735
69 51 686
24 98 215
77 12 642
83 14 617
8 31 620
35 43 591
38 28 710
62 87 590
75 15 227
56 19 801
84 3 434
35 34 240
71 44 197
63 37 240
100 86 259
81 21 341
98 67 656
43 16 662
24 10 424
10 49 810
41 44 507
74 27 683
98 7 383
45 18 104
10 90 276
8 12 549
41 82 891
26 93 508
95 78 700
74 40 319
18 3 281
45 29 694
6 90 67
39 52 603
32 71 196
55 30 192
68 89 130
52 44 743
62 55 604
35 34 664
4 5 690
80 100 961
3 17 677
17 79 916
62 75 363
68 10 718
53 19 387
5 46 406
51 77 872
44 38 15
34 63 506
27 45 762
15 100 131
88 24 654
95 64 683
45 37 978
96 33 779
7 16 27
42 73 777
62 21 105
67 65 638
2 55 494
86 84 707
16 52 189
5 11 859
65 24 138
22 8 978
83 100 511
58 14 676
71 93 176
73 35 79
40 99 986
28 96 326
45 3 225
90 40 199
38 79 214
82 76 334
26 36 572
44 15 447
58 53 787
55 36 250
50 24 355
81 61 908
46 16 634
9 50 159
45 34 627
76 36 765
60 19 684
73 78 372
85 42 120
81 43 57
98 20 416
29 8 346
7 68 529
46 65 494
71 60 136
27 33 555
36 63 141
2 45 775
88 20 581
17 79 647
59 38 226
87 79 328
48 96 25
47 96 967
32 85 978
39 9 337
83 36 508
77 66 258
98 19 814
18 2 761
18 100 894
43 66 83
1 13 270
42 40 828
22 5 697
84 19 137
26 80 436
56 100 23
96 40 674
4 37 719
94 96 884
86 76 322
68 53 802
30 90 428
97 75 42
5 81 315
16 49 963
93 33 338
44 54 265
46 36 2
87 38 867
3 73 91
72 86 875
87 76 840
66 86 744
21 55 368
8 57 699
11 16 861
16 92 902
44 25 371
76 41 651
22 4 170
63 73 629
83 68 715
75 73 926
73 53 414
45 38 186
95 66 616
62 86 134
7 25 70
51 8 718
85 40 670
90 32 499
49 80 455
75 48 748
14 44 518
6 4 968
82 76 314
22 100 439
44 53 750
83 10 402
100 72 988
68 24 960
21 15 77
1 53 543
47 9 84
21 85 414
99 98 95
40 77 232
11 97 425
40 96 236
48 58 778
91 77 629
97 50 925
28 90 207
67 24 168
68 33 804
3 10 967
7 74 471
37 8 346
48 17 298
55 32 181
17 26 212
74 68 806
54 65 310
40 21 355
86 66 528
50 90 437
96 82 824
83 7 332
37 14 573
64 18 291
89 67 643
43 8 387
78 94 76
98 61 205
8 52 491
71 59 805
39 91 674
69 76 37
74 63 398
17 65 465
63 34 551
78 30 23
2 87 556
71 1 658
24 73 155
42 93 38
67 19 242
67 9 444
55 46 564
54 4 288
46 70 607
62 47 906
4 78 68
51 63 857
72 46 406
18 8 699
37 67 610
4 76 786
70 91 737
73 78 500
93 18 997
72 92 489
55 31 23
20 75 404
21 80 720
49 15 154
58 10 286
85 95 162
3 50 291
28 22 269
35 13 586
75 19 422
38 80 547
90 22 213
65 78 562
52 24 192
79 19 683
83 9 34
79 22 708
85 48 414
13 42 81
38 96 849
45 1 995
1 66 629
26 23 107
33 37 16
26 3 643
59 47 968
96 91 543
84 67 636
98 66 407
58 60 767
89 87 721
72 37 712
50 55 413
23 69 708
58 83 115
25 100 91
91 44 640
85 51 254
84 68 73
93 31 593
35 88 453
94 98 722
93 1 465
51 74 730
18 96 867
56 6 942
63 11 965
79 97 343
26 8 813
21 64 613
20 14 648
37 77 527
13 79 790
18 28 806
9 26 890
66 15 604
27 62 775
91 8 435
15 93 380
37 62 674
94 96 521
22 39 49
36 69 903
26 70 424
90 40 400
29 69 446
35 23 594
75 97 289
56 99 295
59 72 112
16 19 399
68 46 841
23 3 560
69 100 72
71 91 766
7 91 616
24 64 670
93 82 162
43 97 214
41 40 573
97 45 209
13 86 73
35 29 96
43 14 112
41 47 558
54 79 350
69 71 110
94 56 770
97 21 301
60 51 885
16 93 820
18 12 109
80 45 796
94 99 629
25 58 546
5 57 654
53 49 168
78 66 423
32 77 843
15 77 974
53 47 787
23 64 944
22 9 452
69 96 928
59 94 444
25 12 425
16 53 831
73 31 746
35 32 367
7 82 735
4 44 91
100 80 31
79 60 971
23 4 627
1 94 929
75 46 976
41 89 359
61 28 552
96 43 860
81 31 24
76 6 385
19 13 713
24 20 522
13 76 455
100 42 435
53 43 313
45 18 558
65 39 702
52 22 732
27 72 971
5 1 228
5 35 370
59 25 536
27 72 809
98 51 35
78 26 303
26 13 533
81 31 968
74 80 837
60 55 344
12 92 868
91 49 514
89 98 565
4 33 42
16 33 823
13 5 612
52 68 742
29 63 189
4 81 288
9 96 700
73 88 768
44 6 795
34 78 227
12 58 857
99 27 635
45 28 702
9 15 335
21 38 444
16 57 738
89 93 755
44 52 514
33 10 973
96 3 938
26 17 326
94 11 467
2 63 365
33 78 832
89 91 207
81 84 686
79 32 929
82 8 527
93 49 39
65 54 645
73 9 685
81 33 630
31 14 345
68 37 768
8 61 350
28 15 206
100 77 937
89 10 313
96 86 193
54 34 454
89 83 561
71 2 975
68 53 229
9 32 161
24 11 224
15 27 702
71 79 812
39 48 821
85 29 61
30 61 123
3 89 525
56 34 9
12 47 881
9 21 272
64 80 472
13 68 19
52 62 905
67 82 546
32 50 676
75 15 159
100 17 106
69 62 97
68 57 816
86 90 814
96 57 855
72 13 469
57 68 325
36 94 832
29 7 406
34 22 524
76 71 370
47 23 672
41 59 285
31 66 318
87 51 487
74 8 490
18 27 650
78 12 276
31 27 906
38 87 36
29 49 950
16 8 28
72 2 314
47 59 319
37 45 340
11 52 859
66 28 123
39 37 947
77 11 626
16 79 50
7 35 745
86 36 724
8 75 110
7 15 423
31 49 856
42 88 816
83 34 814
25 23 491
8 62 753
87 48 521
92 95 24
81 96 786
9 28 330
36 54 926
71 88 758
33 78 30
49 10 427
60 65 813
57 39 55
6 92 96
11 55 477
49 74 531
52 57 985
87 83 959
12 70 607
30 67 317
8 74 300
13 55 14
86 29 680
85 21 897
3 5 590
31 45 722
81 90 806
51 19 391
3 14 97
65 57 48
53 79 105
32 43 43
95 90 248
64 3 471
91 73 163
94 12 782
35 41 956
62 51 817
90 30 890
86 88 500
47 2 61
53 26 249
22 73 150
100 53 998
33 5 662
36 48 53
49 41 206
77 68 409
96 49 469
7 93 139
94 90 454
85 94 552
48 28 380
35 75 608
72 58 655
46 16 548
45 41 195
73 9 384
81 12 919
10 29 269
46 84 46
86 75 924
24 91 395
51 36 559
11 88 759
2 55 34
35 2 538
41 31 235
64 31 368
83 5 358
70 63 567
1 100 294
28 49 136
16 67 672
35 29 423
61 72 482
91 18 393
23 49 249
8 43 707
2 84 189
8 20 438
27 17 769
70 3 495
54 61 813
17 29 125
41 100 973
11 10 579
81 76 60
58 27 806
2 11 527
83 5 967
5 81 585
53 15 303
71 60 984
57 75 758
47 79 315
35 16 550
38 29 704
99 57 10
12 84 26
8 37 376
28 75 146
8 84 47
9 84 717
12 73 794
49 48 236
83 24 362
75 77 138
4 2 538
6 71 922
34 9 33
70 32 467
11 46 872
41 38 504
46 62 303
40 31 952
20 92 391
57 54 232
100 97 59
23 5 926
36 75 933
39 21 684
3 73 407
99 96 611
70 76 411
75 88 454
91 75 839
100 3 468
86 30 891
41 53 504
74 47 342
17 2 414
27 32 303
90 79 427
91 12 969
88 63 567
63 79 377
37 39 222
5 75 500
95 82 45
69 90 500
4 61 758
49 68 43
25 33 34
12 80 23
51 86 58
81 52 64
7 61 980
55 30 840
29 78 353
47 98 756
3 45 855
5 40 918
26 57 289
87 100 984
28 93 419
7 34 469
88 64 485
30 81 233
16 28 949
59 95 523
22 20 221
63 68 710
5 76 625
53 34 335
23 50 145
83 77 636
55 16 293
32 14 534
30 49 647
90 15 785
53 35 272
99 62 620
1 67 904
37 23 369
25 82 879
62 65 574
86 75 843
99 95 160
87 82 708
24 29 640
60 61 312
76 98 757
53 41 348
35 28 839
32 16 674
53 52 120
26 48 466
31 90 857
15 21 289
65 39 929
97 31 153
66 73 684
3 93 956
15 70 179
74 18 134
27 28 822
86 54 383
76 20 595
68 99 676
36 59 670
69 47 808
45 83 601
94 14 230
14 97 862
55 41 959
76 4 648
94 57 228
47 18 747
89 40 381
32 45 14
9 10 277
26 5 279
53 37 911
30 22 57
2 11 849
23 1 55
22 51 999
24 42 179
69 98 770
83 88 394
52 92 312
93 44 319
5 60 63
82 49 580
7 13 32
44 43 865
2 30 890
36 91 556
49 83 993
33 93 355
51 93 55
74 19 912
36 91 392
83 22 894
33 24 705
2 60 495
48 20 950
37 90 134
26 28 469
10 99 856
96 44 275
6 28 238
11 47 360
32 69 452
20 83 5
70 86 144
8 20 756
82 100 164
87 48 510
38 10 6
45 50 860
85 100 107
23 65 856
4 29 80
50 18 365
13 7 223
37 24 128
74 21 905
41 72 502
77 94 356
17 50 893
78 33 942
8 40 831
82 39 439
87 57 564
65 5 231
51 5 78
61 83 955
62 16 925
39 99 556
55 6 292
45 54 528
12 45 516
41 28 764
62 47 182
86 35 269
13 12 457
77 48 529
60 76 30
79 65 842
95 6 99
72 23 580
52 77 766
2 49 14
88 34 564
2 72 658
1 22 776
34 82 920
80 31 811
98 8 387
33 96 307
4 79 587
23 41 906
27 52 973
48 63 641
98 95 492
25 48 636
66 93 512
79 19 304
55 86 694
96 75 838
44 78 855
44 30 440
60 54 460
45 10 714
2 5 326
63 26 646
49 67 546
31 75 996
36 60 412
4 90 389
30 57 161
89 48 936
85 22 623
97 17 217
59 97 774
95 38 273
57 51 853
82 63 445
21 24 499
29 92 7
63 36 431
18 25 20
65 75 764
1 41 448
98 59 109
14 36 495
31 49 582
85 45 180
63 41 668
92 35 859
7 34 70
89 87 904
9 14 870
94 90 302
31 60 115
37 39 179
96 74 985
97 24 722
54 64 997
19 98 146
18 40 364
48 16 190
4 58 469
52 39 867
38 69 915
63 98 608
36 16 844
2 69 270
68 6 358
86 48 197
1 91 13
60 25 190
88 7 416
97 63 233
73 79 477
18 62 10
14 53 690
33 53 362
49 6 57
48 38 921
82 44 884
54 46 653
62 29 154
93 100 976
79 42 262
25 13 750
98 72 157
82 58 773
49 59 926
66 99 552
47 32 980
20 29 157
16 11 952
23 80 611
10 40 792
1 100 776
74 93 622
22 47 860
86 4 111
60 12 858
11 73 313
8 92 448
97 63 126
54 98 976
95 67 150
10 1 890
62 2 854
99 69 486
41 34 481
18 59 112
21 51 902
41 51 288
2 88 687
92 31 458
14 49 102
97 87 932
31 76 710
17 75 899
17 51 135
17 72 978
48 95 470
92 12 372
85 11 986
23 67 640
40 66 991
83 30 624
35 51 449
53 73 186
93 25 218
66 23 546
17 68 411
45 80 504
80 93 102
82 8 42
15 46 699
37 30 789
64 9 294
15 85 727
45 30 675
43 46 967
2 24 842
99 26 401
64 8 956
70 79 235
81 53 455
65 100 468
21 71 393
87 9 862
89 35 824
94 59 209
96 10 329
59 90 641
46 70 247
93 63 228
14 24 363
58 50 459
84 40 463
80 12 274
44 47 736
16 82 507
23 4 902
63 77 168
99 22 619
93 71 458
13 32 466
39 70 399
32 95 547
62 71 80
19 61 289
93 92 63
86 67 440
4 35 596
1 19 321
39 92 580
95 57 276
95 84 896
26 33 994
44 34 479
94 9 231
45 93 755
32 54 945
50 84 443
85 59 576
59 12 572
52 92 952
17 22 112
37 85 293
77 61 746
31 60 995
78 83 711
32 49 994
100 97 207
66 74 612
74 31 925
23 66 259
77 21 124
46 32 768
100 93 223
52 34 506
91 1 315
64 23 153
75 61 173
41 43 783
14 68 720
35 50 491
49 24 746
50 72 683
5 97 559
17 97 133
52 20 813
33 38 998
75 17 739
74 71 658
6 72 349
26 58 237
89 20 444
67 13 956
12 65 701
86 100 50
90 21 889
13 34 456
45 50 281
36 100 930
54 45 848
27 54 468
45 3 286
2 70 103
96 42 132
11 54 479
5 53 965
38 21 518
54 88 626
82 99 967
29 64 831
43 84 245
67 10 329
42 39 323
70 65 685
21 36 764
54 6 314
8 100 673
22 55 559
4 22 948
58 12 456
6 60 77
36 24 570
17 32 953
48 23 39
36 14 614
78 3 767
42 28 309
77 48 591
21 22 365
22 91 148
77 65 651
90 47 48
45 77 117
100 22 458
32 22 518
24 21 825
44 63 312
21 17 355
58 19 671
91 79 679
85 21 813
58 32 848
42 36 389
65 76 171
59 73 765
31 45 827
39 42 665
57 87 60
24 77 262
71 48 511
66 91 553
84 27 294
13 91 637
62 26 941
54 83 325
23 49 679
97 72 616
65 17 50
74 3 354
44 90 871
77 48 913
8 100 833
78 77 469
19 99 775
44 88 586
27 3 11
52 14 300
26 32 992
18 100 152
22 15 855
80 6 923
58 49 902
49 30 25
17 83 872
23 63 473
12 89 639
47 21 152
90 64 353
30 27 733
100 52 99
87 23 238
74 4 383
7 15 970
68 84 558
100 46 799
87 83 595
35 5 400
51 97 204
17 12 605
50 22 351
5 72 869
51 30 834
33 97 648
10 87 583
63 98 913
37 68 902
54 27 723
5 65 71
53 55 618
13 51 412
92 66 386
20 35 433
70 83 516
41 59 461
41 52 218
28 43 952
93 65 570
63 93 380
46 43 106
26 55 843
29 66 590
6 24 878
80 94 234
13 3 645
36 78 308
36 73 478
16 23 279
17 38 647
46 89 452
6 16 230
48 4 510
12 4 154
81 8 112
88 67 276
18 91 327
73 83 224
7 47 669
65 66 533
31 11 516
9 47 414
85 51 781
89 22 871
16 4 504
58 86 138
87 58 451
5 94 158
76 60 494
38 9 442
43 17 97
38 11 911
23 48 169
40 57 407
81 51 620
96 24 469
95 81 980
40 11 518
89 62 984
17 80 362
20 64 167
27 59 7
1 82 578
29 24 440
42 67 161
37 73 346
57 19 438
9 35 969
41 95 468
4 81 293
38 21 982
61 73 281
93 42 972
43 53 748
55 61 708
15 99 698
60 52 154
41 64 391
47 53 1
99 42 919
70 25 945
10 77 940
93 62 473
99 82 383
77 37 838
76 53 832
11 80 235
74 21 936
62 43 113
30 68 187
82 41 421
92 96 540
77 74 206
28 41 372
9 76 2
76 71 638
27 79 703
31 52 15
42 48 954
79 94 835
7 46 340
11 35 377
11 94 240
98 35 686
10 19 757
51 88 267
22 55 773
78 7 41
61 76 313
27 98 429
1 26 482
59 16 357
33 78 27
35 66 631
71 85 165
91 100 444
69 70 687
6 90 775
89 16 964
43 37 313
62 3 575
100 35 668
28 57 865
36 60 42
48 34 156
29 5 162
30 71 442
81 25 725
31 71 491
19 90 304
80 33 818
86 85 983
75 97 394
60 94 602
12 59 204
52 26 666
89 5 257
79 45 936
1 92 720
33 26 345
69 77 528
68 66 942
58 71 415
1 88 952
91 22 401
54 84 897
30 83 86
1 8 404
95 63 675
59 45 655
39 44 902
24 42 762
78 54 448
11 50 91
62 60 575
87 67 255
31 80 643
52 5 596
70 9 57
4 50 678
53 1 487
46 64 849
56 33 525
29 85 868
44 35 365
67 100 354
58 61 743
40 45 935
72 51 129
81 45 902
99 47 496
5 86 948
35 20 759
35 19 264
35 27 481
99 63 108
64 98 740
100 1 704
17 98 890
53 82 662
66 94 236
52 59 837
92 9 383
24 54 879
26 43 917
70 86 913
57 45 529
54 29 322
45 37 840
85 14 660
48 50 978
46 85 437
78 10 841
83 62 425
19 22 723
94 63 590
15 78 736
7 22 689
25 30 803
6 65 848
41 7 306
8 30 369
85 33 16
41 39 313
14 74 523
63 84 255
26 97 858
6 61 343
2 18 612
65 13 964
62 76 787
71 38 740
10 33 941
27 2 180
99 38 920
50 9 376
6 61 824
8 85 119
62 16 117
12 57 392
30 39 262
10 91 30
81 93 955
5 6 656
27 83 460
54 56 229
57 53 444
49 63 732
83 31 652
29 45 891
18 6 823
88 50 599
73 88 283
1 89 121
60 37 45
43 36 213
67 5 127
7 71 275
46 10 254
33 20 2
22 94 492
82 8 501
53 42 932
36 90 508
19 31 848
32 97 910
52 100 10
17 10 358
74 71 603
62 99 258
19 30 358
43 52 47
92 43 771
99 73 556
17 90 1
64 43 247
39 76 310
15 4 698
23 38 351
10 26 264
80 37 835
23 59 867
39 11 88
37 73 219
14 88 354
63 72 924
64 3 763
77 34 536
89 56 938
99 33 456
51 68 241
14 9 699
92 36 166
31 90 16
40 74 709
72 11 167
77 70 286
60 65 444
74 61 442
58 12 362
60 79 484
32 15 215
40 93 426
93 9 338
97 34 294
24 30 124
89 82 836
93 59 129
16 44 1
64 27 220
38 46 779
11 51 392
55 4 110
78 24 419
9 3 453
46 26 179
22 25 164
89 12 665
7 70 495
42 62 296
98 64 731
95 90 725
35 25 824
54 20 702
90 66 481
51 3 800
64 7 357
62 22 891
76 50 869
15 74 809
68 35 635
23 49 45
87 40 334
43 100 710
48 74 281
30 54 71
83 44 787
20 96 910
61 17 304
49 28 474
55 86 753
14 76 777
99 100 811
95 68 874
73 88 709
65 55 865
92 79 225
80 28 476
28 88 149
70 63 923
73 21 920
8 28 699
81 32 862
83 63 610
96 49 922
52 46 272
27 65 431
71 95 926
74 26 266
91 33 311
23 4 108
84 31 509
69 16 755
22 95 765
61 35 984
31 40 945
18 38 351
76 72 815
36 70 922
55 6 666
61 81 764
32 67 553
30 17 558
69 15 704
27 40 836
89 16 514
66 32 950
41 77 1000
15 91 594
82 99 251
89 24 394
72 17 45
15 100 208
85 1 264
96 38 160
34 81 710
79 48 993
43 32 739
43 68 648
32 10 123
13 55 496
36 39 799
99 83 501
91 88 362
30 70 591
24 94 189
27 73 666
12 80 776
14 54 220
57 89 86
73 34 825
66 4 979
27 45 405
30 37 451
25 28 53
59 20 453
71 22 450
9 11 989
19 31 922
56 39 885
90 50 34
72 94 330
47 2 75
70 66 76
1 53 257
69 96 891
38 68 339
79 42 957
29 8 471
38 20 936
32 90 893
82 83 958
18 89 816
43 14 782
19 84 738
71 24 724
43 9 360
80 65 624
81 64 139
91 32 70
73 87 961
60 50 511
34 58 423
81 12 230
79 62 165
59 65 71
31 88 740
48 39 553
7 40 714
15 62 752
21 24 716
11 39 576
37 56 378
17 61 925
8 73 917
72 4 924
93 68 593
79 31 267
9 33 668
30 76 626
62 98 477
50 97 977
11 1 935
40 80 694
90 43 253
69 66 898
33 30 617
79 27 64
98 21 900
69 22 30
28 98 714
12 88 774
32 82 528
50 99 718
13 57 732
2 21 634
39 52 531
31 87 963
90 11 873
83 72 119
80 61 385
46 43 289
52 95 854
66 6 348
71 86 381
74 63 381
68 82 89
37 1 615
21 47 468
78 83 441
70 39 727
13 90 276
29 98 240
86 14 90
12 68 142
29 25 187
98 66 310
68 25 2
62 27 218
78 70 121
96 59 779
45 81 158
24 91 166
21 46 554
12 88 560
91 71 985
17 90 195
38 12 943
85 100 811
27 37 800
42 24 845
71 14 164
61 28 74
20 44 509
62 22 262
40 7 272
44 55 787
86 70 956
45 11 181
82 99 434
24 11 552
24 36 379
27 31 416
85 98 391
28 53 769
50 94 68
54 100 720
39 16 499
89 93 624
56 39 892
37 63 299
54 24 646
12 41 594
49 14 493
38 57 226
77 58 128
60 53 402
3 67 810
83 14 673
79 37 782
42 53 55
100 33 995
56 26 982
61 81 964
87 1 134
68 9 69
49 25 803
6 77 729
38 26 540
84 25 621
52 45 952
92 31 185
28 58 655
100 53 220
44 86 473
15 63 630
19 62 317
26 49 884
12 14 577
73 75 269
70 55 843
62 84 98
14 20 256
79 22 498
64 35 205
59 43 360
30 8 594
97 61 21
41 60 858
7 46 531
24 18 279
39 41 996
76 77 144
17 22 175
10 21 864
9 92 388
15 24 130
22 1 31
26 10 18
43 60 948
97 13 626
10 72 351
4 19 512
48 88 297
99 38 627
18 9 71
68 86 182
46 12 724
5 31 792
48 33 725
50 92 250
40 87 455
30 19 496
8 23 283
23 62 381
90 50 761
86 53 223
60 33 212
32 95 680
5 52 303
29 45 950
42 40 473
27 75 271
85 30 690
68 82 137
45 14 971
45 52 37
17 86 185
6 10 828
75 59 784
65 15 603
8 35 752
46 77 489
59 62 773
68 44 485
91 90 438
92 94 28
73 69 353
83 31 654
50 25 758
71 2 798
20 61 680
23 66 704
27 92 92
12 49 455
99 4 387
7 4 956
75 23 71
17 95 164
77 17 458
1 78 179
68 88 474
50 44 738
69 75 186
89 95 459
97 7 790
53 60 364
49 57 253
59 17 789
78 3 994
81 67 624
80 20 509
49 9 167
89 99 854
30 50 799
88 80 376
43 68 512
13 19 561
9 22 268
49 12 516
3 15 176
98 46 971
41 15 199
79 92 255
75 12 246
61 12 737
27 50 757
4 17 717
79 37 559
96 85 739
83 54 660
64 74 438
22 65 570
60 25 31
3 8 73
9 86 373
58 92 744
4 42 504
14 94 472
61 87 939
94 33 617
63 26 119
100 14 998
58 74 586
84 79 507
11 38 308
47 41 995
38 32 748
35 63 201
85 94 650
43 4 602
7 73 129
76 28 233
49 82 367
68 84 574
37 83 979
7 54 78
74 81 990
5 46 313
68 61 82
71 85 969
54 26 421
60 35 578
83 73 114
26 81 159
95 41 920
36 79 166
71 32 604
72 71 951
87 47 817
22 89 793
10 17 742
27 80 475
76 85 472
99 30 748
83 38 583
51 53 177
72 42 69
70 8 787
41 65 954
97 69 411
15 33 696
34 97 889
69 78 879
92 61 307
95 47 973
18 97 26
80 90 174
16 81 636
47 37 387
27 88 89
42 9 924
29 79 78
69 65 428
54 59 953
32 63 906
50 91 355
5 80 518
29 99 578
89 98 782
56 18 880
76 51 803
61 67 38
63 73 738
13 25 384
83 4 608
24 91 339
4 57 800
12 1 53
39 21 254
83 16 608
55 98 300
61 98 854
89 29 647
88 61 641
95 30 199
73 63 717
20 56 610
46 31 964
34 2 736
20 58 56
33 14 8
11 52 574
83 100 582
57 8 767
74 85 216
18 80 621
83 96 588
68 31 911
34 28 913
41 32 339
90 33 602
100 91 905
8 16 423
39 69 115
39 55 743
81 6 965
7 77 375
94 31 528
83 84 760
42 13 190
16 4 916
51 76 568
27 23 10
38 82 956
3 34 167
68 21 457
76 47 644
24 44 646
34 69 963
68 3 438
72 25 69
97 76 237
14 21 686
1 49 862
66 73 968
90 50 751
20 37 305
12 61 132
84 31 723
22 20 947
54 4 930
26 24 512
65 45 674
71 52 650
100 21 238
57 77 43
75 78 794
48 65 885
2 10 876
74 94 613
28 77 507
58 67 526
10 50 717
77 37 7
89 33 611
23 60 440
28 60 199
51 57 453
1 25 752
88 62 635
63 21 917
40 97 21
43 64 496
67 92 973
36 43 35
71 99 608
54 8 959
96 63 617
57 93 464
75 40 211
28 39 471
19 6 234
17 84 894
24 68 633
34 81 898
63 21 556
83 30 928
66 98 160
30 97 387
18 10 1
58 9 610
6 43 638
1 80 430
14 16 586
93 10 359
66 56 264
91 69 364
6 82 678
22 27 567
10 29 179
62 97 194
21 84 883
96 48 433
56 17 719
20 80 858
70 83 727
38 7 94
81 91 323
66 99 156
20 41 103
56 54 924
60 14 627
1 61 288
69 58 598
6 32 294
67 79 237
95 20 597
3 100 757
16 98 321
77 10 688
56 24 831
51 38 593
73 80 705
40 61 866
75 28 575
74 83 402
42 50 155
63 6 426
44 38 532
61 95 556
38 40 106
17 37 584
20 23 225
51 87 952
43 99 812
79 28 200
20 77 325
61 66 170
13 62 391
25 12 790
60 12 345
45 35 57
18 69 290
23 52 476
91 61 797
39 68 228
57 54 621
31 45 341
81 55 269
95 44 791
55 31 682
91 42 500
89 48 431
4 8 309
46 61 889
38 69 489
7 53 233
95 39 243
65 13 662
18 69 749
94 59 7
65 55 576
61 87 292
30 61 744
6 65 100
11 40 769
33 63 318
9 36 865
98 43 340
9 66 347
91 76 22
45 71 308
39 33 982
39 21 119
68 92 518
37 34 572
76 46 562
95 5 679
39 68 670
54 74 126
22 88 1000
14 76 13
2 100 955
97 24 155
88 36 212
40 69 616
90 70 992
63 41 718
84 55 214
5 36 649
45 18 357
76 11 840
46 21 398
85 41 609
25 36 563
18 70 147
53 48 919
90 38 384
37 44 259
74 81 257
41 81 742
79 26 369
60 65 94
60 75 205
37 95 118
45 29 954
90 49 914
7 79 878
17 14 628
71 95 706
77 46 767
4 58 437
56 53 94
97 42 385
66 82 113
64 41 24
5 76 109
44 87 708
9 50 995
6 99 140
85 64 348
72 93 138
17 23 122
52 94 562
36 14 219
97 60 782
44 94 32
88 28 190
11 85 97
49 45 281
52 68 516
44 78 202
34 13 814
53 96 260
92 37 52
37 18 158
55 11 932
91 34 202
71 58 312
50 75 59
18 95 486
86 90 508
94 83 182
100 29 603
37 92 769
27 5 896
35 7 976
27 86 520
60 94 568
7 67 948
72 41 731
20 45 208
45 44 923
34 37 63
82 36 996
41 24 275
16 42 920
43 64 62
14 37 325
71 51 973
65 29 174
1 43 635
89 70 629
40 63 869
67 47 290
100 68 402
45 38 66
59 39 810
70 24 270
52 59 812
79 11 675
38 37 147
16 58 613
40 31 224
35 22 309
67 72 130
36 13 849
14 43 704
23 75 943
40 99 718
39 79 833
94 93 781
64 77 936
40 85 509
83 73 404
71 84 698
88 92 92
23 100 717
86 55 364
80 47 577
89 53 409
54 30 613
31 27 737
35 36 893
67 87 325
87 52 665
70 90 572
83 51 533
65 34 587
27 82 592
85 79 651
72 100 403
89 20 870
100 50 354
75 2 506
51 67 915
73 61 208
2 49 190
62 56 692
36 39 694
17 79 189
52 8 65
16 85 313
58 26 353
52 89 154
56 3 87
28 96 982
79 5 283
1 7 923
58 5 230
47 44 676
30 88 751
82 60 584
55 32 132
55 92 860
71 68 302
69 10 282
71 23 534
36 71 594
48 53 945
64 31 121
77 2 513
15 58 611
39 92 537
64 72 978
41 11 638
28 73 20
11 24 966
94 2 604
44 15 569
49 26 322
53 69 206
13 33 843
36 41 577
29 8 535
43 60 735
13 97 885
35 19 169
28 54 325
37 82 891
97 50 415
77 83 919
98 57 330
50 82 611
35 81 953
47 20 402
56 23 167
15 21 117
5 99 373
30 100 925
14 91 355
97 50 482
57 31 951
6 40 778
83 41 426
65 68 578
5 16 667
20 90 539
23 85 563
23 89 871
81 78 638
81 74 682
51 38 540
72 29 108
78 55 386
71 45 613
50 89 836
6 72 294
95 72 611
46 76 241
28 100 509
98 4 688
31 14 722
83 40 942
83 45 686
69 45 770
54 43 187
95 22 436
35 38 626
63 35 266
2 83 285
53 86 855
37 21 106
44 67 773
23 51 334
61 57 545
82 50 713
28 54 876
40 73 662
34 9 173
6 8 166
24 92 722
56 74 470
72 90 390
50 36 377
68 53 492
27 17 284
54 40 736
67 57 795
6 59 657
24 66 624
1 87 47
28 90 635
99 71 398
94 8 731
56 84 517
15 40 715
54 18 55
48 16 624
82 70 309
64 67 992
51 24 87
97 72 479
57 39 874
83 30 565
58 45 429
65 71 143
35 63 2
65 69 446
98 48 391
95 20 704
25 69 732
17 45 725
8 55 375
47 86 413
12 52 172
3 8 78
76 47 755
95 69 592
89 51 50
74 61 910
12 46 175
40 92 297
98 7 881
13 89 620
63 13 953
1 26 291
36 8 718
90 95 434
2 74 56
13 7 609
67 25 789
60 59 200
25 21 206
54 47 928
38 78 78
28 66 516
12 92 949
77 63 805
27 60 878
69 26 434
72 12 804
94 60 70
92 3 894
4 40 684
51 54 874
78 84 69
80 3 750
29 56 210
58 16 219
84 7 823
97 95 292
95 25 289
18 1 485
82 64 578
44 93 383
47 28 242
22 73 531
70 40 119
30 44 644
69 59 676
36 27 627
40 22 71
79 73 911
86 5 584
71 1 428
23 32 520
84 57 446
38 22 950
56 39 949
78 20 922
35 39 616
76 66 62
57 3 123
3 4 390
25 50 120
5 49 363
28 22 590
61 73 425
67 94 969
4 98 624
36 71 763
9 30 985
61 42 977
22 54 267
60 80 697
97 53 305
3 40 230
51 10 231
5 55 631
80 58 9
57 98 407
36 76 775
9 69 557
41 91 703
51 74 506
28 14 594
38 57 674
6 4 581
2 12 380
3 74 868
73 52 527
34 65 516
37 50 880
100 74 958
81 55 294
16 97 198
57 53 481
81 82 644
33 70 580
21 28 291
81 62 729
46 27 863
10 88 5
80 48 64
66 11 818
8 12 490
54 58 857
71 46 821
37 79 959
35 56 521
76 48 50
13 86 497
91 89 173
1 41 568
76 100 831
50 61 92
32 55 158
74 92 534
21 53 54
9 88 658
98 71 13
5 46 621
76 31 512
9 1 422
93 57 885
66 59 131
74 86 136
38 93 168
68 86 165
99 89 676
67 73 878
15 13 661
52 53 249
62 1 979
11 48 981
56 80 911
66 36 337
44 94 108
12 97 888
42 7 508
85 14 969
96 88 942
66 92 777
88 70 250
66 55 428
1 38 373
81 99 853
92 67 25
79 64 708
28 2 298
23 21 764
3 73 233
64 70 974
78 58 459
56 42 800
16 14 498
49 22 866
27 3 204
77 81 527
86 78 243
98 70 122
49 64 298
78 76 458
31 56 279
9 53 84
84 53 47
2 51 596
67 19 495
63 2 802
9 32 211
85 79 153
38 83 671
2 46 842
20 5 967
14 31 407
8 15 219
63 69 466
91 81 449
66 9 730
94 66 934
4 53 134
19 81 331
14 13 665
91 87 461
92 15 305
46 10 215
41 54 886
23 63 346
67 60 592
73 44 936
48 62 142
30 67 297
49 53 116
70 35 571
23 53 1
51 32 981
70 34 217
67 48 72
88 1 891
53 78 218
9 88 544
39 71 89
95 46 980
94 64 11
44 10 39
89 79 208
73 84 793
19 6 851
29 2 498
8 20 44
81 67 909
64 84 244
60 2 33
90 37 747
23 2 594
45 6 508
42 89 411
54 20 279
66 57 632
42 5 47
4 73 807
85 81 985
13 73 259
17 41 334
72 70 416
40 19 169
41 79 228
86 16 486
55 70 685
27 25 636
54 70 25
22 77 327
1 13 745
98 58 367
48 60 22
83 88 551
48 53 587
20 21 626
67 60 687
24 83 210
33 67 561
27 23 776
60 31 946
16 3 221
9 7 24
53 65 1
85 88 896
22 5 204
34 94 464
67 56 908
59 69 138
63 93 101
8 7 691
59 18 570
39 41 399
45 4 862
54 88 985
99 45 332
64 71 822
22 87 660
2 50 813
8 65 807
94 72 502
44 91 426
61 79 5
61 80 484
57 56 637
96 57 508
38 86 849
96 15 218
58 38 875
97 83 355
68 25 184
86 68 74
14 11 443
63 75 455
8 52 272
14 64 195
23 74 239
34 27 425
65 39 224
51 61 481
32 99 125
63 54 837
99 6 674
67 15 147
40 52 350
95 89 769
69 35 122
46 35 965
54 72 828
9 90 859
19 20 232
40 69 180
30 94 912
49 96 997
41 74 226
22 17 139
19 81 498
89 14 718
35 52 250
83 38 489
34 99 224
38 36 3
44 17 265
16 97 575
37 6 14
60 16 370
9 76 316
45 96 246
8 80 688
71 66 218
74 92 518
55 96 957
67 5 79
47 100 380
5 14 345
65 59 929
27 39 81
50 69 461
42 91 234
58 28 485
3 93 863
30 31 351
8 87 24
19 96 813
40 8 286
94 63 855
57 96 200
22 38 545
39 27 781
44 18 412
97 9 822
14 90 198
28 43 811
35 61 384
67 18 881
6 1 50
29 73 168
91 38 525
21 100 805
61 76 858
11 66 238
26 77 232
60 29 970
96 83 274
74 89 277
88 76 945
63 10 466
30 89 324
45 100 685
81 62 601
13 70 416
68 62 977
50 61 364
88 41 37
11 87 427
89 22 137
16 41 637
30 24 50
59 3 498
81 64 210
88 35 516
6 52 289
52 41 183
50 71 34
16 15 415
77 79 332
32 97 839
11 86 461
80 31 353
49 16 476
10 90 348
86 68 223
22 31 655
98 26 666
7 78 714
54 59 770
91 55 390
27 8 836
6 58 895
92 23 123
33 53 370
95 82 358
87 45 969
66 16 895
85 21 536
85 68 733
4 96 903
14 45 54
63 39 522
28 96 641
63 70 330
9 96 131
17 28 426
93 68 230
65 92 205
53 12 440
31 45 460
88 29 384
74 32 538
60 97 537
17 80 227
27 28 439
76 4 456
52 84 992
11 100 269
12 77 306
38 54 432
68 61 433
35 44 189
66 87 630
13 69 60
53 41 434
85 42 670
56 48 941
17 7 555
72 85 494
17 56 801
9 76 512
72 1 492
25 42 430
8 82 144
88 32 751
54 11 999
94 2 470
99 61 179
66 35 24
89 48 55
92 64 803
63 83 380
67 58 308
30 56 728
62 15 557
7 37 341
83 66 6
89 50 710
6 95 208
34 96 255
47 65 610
96 59 816
23 83 606
83 93 92
98 49 844
96 77 747
35 15 216
65 51 944
53 91 58
54 33 238
64 86 204
92 18 470
89 73 529
21 66 266
60 15 631
81 88 397
35 77 938
64 92 947
86 34 437
31 15 968
48 73 380
54 95 973
69 90 415
48 9 435
12 28 229
74 94 118
88 29 590
66 81 27
42 10 640
84 4 817
91 81 165
75 35 239
83 6 175
34 33 536
7 3 709
81 94 972
21 62 9
95 70 97
55 54 396
29 75 342
96 59 607
31 12 466
16 74 581
44 50 677
25 71 762
9 66 496
83 39 429
50 1 468
16 17 261
48 71 188
34 18 438
15 23 149
83 5 738
34 93 810
40 37 362
55 56 802
65 72 493
74 55 111
94 53 73
77 3 948
80 2 730
81 73 991
8 71 63
19 31 968
52 13 432
61 5 442
93 8 253
73 37 24
58 77 969
65 83 731
80 78 138
8 51 199
9 23 509
54 6 481
10 86 311
35 62 849
29 35 334
62 61 795
13 85 387
19 93 949
65 86 269
60 6 105
30 81 539
61 23 619
81 12 427
50 28 101
17 46 478
7 82 318
7 38 31
11 76 458
75 20 7
79 11 853
47 74 552
50 29 54
11 8 537
87 50 946
23 7 902
50 82 890
69 85 65
31 15 100
89 59 459
73 77 334
79 3 816
57 69 934
83 69 812
45 19 680
4 71 311
77 3 406
7 28 989
55 12 993
44 70 718
1 99 145
95 99 434
14 72 403
15 33 376
32 94 489
66 8 372
99 68 785
45 51 601
49 88 753
1 98 921
66 57 209
13 41 104
51 84 331
17 44 33
89 31 170
7 38 146
5 60 847
33 8 345
96 48 605
48 21 731
67 14 964
8 85 748
15 37 613
24 64 112
21 7 988
99 57 715
27 89 7
76 56 547
13 73 630
97 20 703
36 95 993
25 72 492
12 21 271
30 31 336
41 72 899
63 73 781
21 79 83
16 78 603
69 59 278
29 58 552
78 17 701
19 71 127
100 1 334
55 48 984
69 42 809
90 51 841
60 79 957
13 7 690
42 99 220
27 74 19
5 15 547
64 54 274
78 27 397
93 75 260
68 57 697
44 23 716
42 65 453
16 98 263
45 12 821
27 31 781
8 12 240
61 10 763
90 16 91
91 72 436
66 64 771
5 26 687
66 68 247
4 33 917
95 68 460
33 37 732
9 33 407
31 46 42
90 98 387
44 5 910
84 44 832
86 87 349
43 68 308
15 33 772
45 41 349
13 18 352
10 7 909
21 82 58
22 41 58
61 98 345
40 93 236
43 12 304
87 21 263
40 32 140
26 69 310
61 63 884
74 15 930
83 99 598
92 32 634
77 51 696
15 45 895
56 9 784
49 16 48
63 47 930
2 63 694
2 25 153
97 85 420
18 55 733
37 25 457
87 93 329
54 73 545
62 74 29
71 68 618
57 80 719
99 3 546
24 44 37
82 49 99
38 4 786
2 90 676
89 73 64
83 38 514
11 18 95
83 50 890
48 7 929
16 79 304
7 68 210
59 38 489
90 95 843
51 36 498
62 48 517
92 6 38
74 57 273
92 79 612
46 67 63
58 15 979
16 34 760
16 78 294
88 65 978
73 16 112
60 15 140
82 19 637
33 14 926
3 27 779
72 31 525
68 18 885
4 74 531
64 30 204
77 58 778
69 30 646
89 7 554
80 72 511
88 9 677
13 27 352
60 92 872
82 45 533
8 7 442
18 26 514
37 24 950
14 83 160
49 44 945
62 15 612
44 17 640
56 45 63
92 29 58
55 39 556
49 38 197
43 94 746
10 12 382
46 40 260
98 75 686
25 38 931
76 69 366
70 30 81
40 45 261
61 37 138
90 82 461
51 89 883
1 14 276
58 19 967
95 9 81
63 78 115
17 44 889
55 29 998
24 53 905
19 69 409
25 97 440
4 92 50
48 1 783
52 58 813
1 48 641
42 49 352
98 88 937
20 32 38
1 23 426
21 5 470
53 79 553
4 32 823
24 7 604
27 38 604
98 64 986
35 83 814
87 90 778
82 55 414
67 77 910
83 60 634
10 24 68
17 13 800
19 31 214
40 72 645
2 32 662
87 32 287
74 64 26
97 65 442
76 27 769
59 56 577
64 98 626
30 49 568
13 72 55
78 91 578
7 36 561
12 2 661
35 5 168
76 63 790
88 65 819
5 19 615
50 22 276
41 9 802
39 36 507
22 1 488
16 99 154
2 57 212
85 97 790
35 11 647
34 72 979
51 1 26
36 21 534
98 53 93
79 69 864
94 2 496
37 36 588
5 94 415
8 93 245
9 75 516
44 26 737
14 81 546
69 20 651
45 31 407
18 7 580
27 23 630
8 55 106
85 58 668
28 25 813
75 51 577
88 60 138
24 49 531
98 34 3
55 17 696
23 42 424
63 30 83
15 59 344
6 84 225
64 28 367
2 37 863
35 38 421
23 73 838
87 35 447
30 86 465
85 82 261
8 37 578
71 89 729
70 93 530
98 37 495
30 47 724
86 61 940
25 22 293
46 90 995
82 51 965
64 88 130
34 93 260
15 46 267
14 45 523
73 63 424
84 98 227
49 58 550
21 70 450
36 47 782
33 61 48
33 53 983
73 69 939
1 63 232
50 51 839
34 40 836
70 21 100
41 94 627
67 97 265
29 99 204
10 55 122
44 23 476
57 42 485
45 81 678
47 46 33
8 12 828
83 63 979
24 10 902
97 52 676
40 50 103
65 9 610
55 50 543
34 81 509
99 27 1
47 48 527
3 66 583
13 46 407
25 24 65
7 26 112
52 82 34
91 36 144
6 26 494
91 90 741
38 4 800
17 14 488
90 96 735
88 57 734
83 90 888
99 17 224
25 21 865
65 3 414
45 48 351
46 78 456
43 48 757
70 98 29
19 74 268
25 84 577
71 82 530
54 38 549
37 96 619
67 9 329
16 60 216
44 22 709
1 13 218
31 87 669
74 79 93
43 63 235
59 85 128
16 84 965
72 14 187
24 80 298
27 82 972
94 60 894
12 82 385
11 57 773
19 15 314
22 66 366
44 16 206
78 66 923
5 86 461
56 71 990
60 70 797
86 1 269
88 12 401
43 73 117
45 60 337
9 13 829
81 85 361
43 11 98
99 49 882
30 20 439
64 61 169
57 58 649
9 7 68
59 28 171
85 70 248
3 16 931
31 87 351
28 29 883
42 65 658
1 40 71
47 21 127
69 21 9
86 8 976
61 44 35
49 72 888
84 38 316
76 62 747
66 19 473
55 31 760
94 11 557
18 11 961
98 33 513
9 22 805
42 44 767
94 93 944
98 50 137
9 26 119
28 43 509
30 23 594
58 83 320
46 42 696
11 5 86
5 95 715
40 32 494
94 75 272
77 80 510
85 25 370
72 24 244
72 45 107
94 54 910
69 46 791
79 54 54
58 94 999
72 27 13
56 7 405
4 9 513
28 46 604
99 21 873
64 67 340
46 72 865
19 1 889
79 90 403
76 80 495
79 63 319
48 93 705
77 88 86
1 56 305
17 33 639
60 49 513
29 70 158
91 85 518
10 49 428
64 46 400
82 85 243
79 34 921
28 48 822
40 75 276
94 2 662
64 72 684
44 79 452
30 21 416
99 9 528
14 79 650
19 54 363
26 66 498
99 87 39
24 80 315
100 91 408
30 7 753
93 52 293
43 86 339
84 98 339
79 90 223
61 60 187
27 60 637
52 80 921
77 6 357
1 94 391
4 11 446
50 31 642
83 73 143
21 17 351
94 46 285
36 20 831
45 34 942
22 93 273
42 82 466
55 38 596
59 28 188
81 73 560
98 99 151
45 69 927
64 20 393
66 47 537
64 29 504
56 68 783
43 95 710
12 49 696
63 50 900
2 63 756
15 42 750
52 87 612
31 26 853
69 59 557
25 8 839
83 54 203
62 11 918
2 77 736
12 74 987
55 73 190
89 44 946
18 37 86
79 41 12
27 61 856
82 79 824
7 9 305
93 92 83
43 65 939
1 71 269
89 53 429
94 92 936
25 45 279
63 21 918
5 24 194
74 13 437
65 71 123
56 66 735
45 6 366
48 97 639
77 21 94
13 12 637
21 62 439
81 67 492
10 45 183
90 67 47
90 29 789
76 26 657
86 19 279
63 93 737
20 45 914
12 48 220
39 83 20
89 49 623
29 15 35
97 58 859
98 30 34
35 24 380
71 63 15
82 30 229
59 33 36
57 2 161
94 18 882
81 51 570
16 86 513
77 80 143
94 44 644
44 25 994
84 6 366
10 69 702
24 56 667
37 40 780
29 98 867
4 75 677
96 87 982
68 17 359
5 41 602
23 55 924
86 76 781
25 46 883
81 25 366
21 97 880
71 56 451
74 41 291
49 47 277
59 40 723
68 58 449
76 55 815
60 40 760
91 7 789
70 92 224
14 27 858
59 85 617
95 67 347
69 59 112
87 58 850
88 71 999
33 16 678
61 59 239
93 98 103
94 9 256
53 15 304
40 49 538
2 71 19
65 33 60
14 25 518
73 63 572
94 4 287
33 12 398
32 91 975
73 25 216
12 13 636
100 5 450
18 59 807
4 92 354
84 89 378
84 17 367
38 7 990
42 51 872
16 48 846
15 85 818
5 39 255
49 73 313
67 80 92
5 45 727
31 84 320
19 82 709
50 3 520
56 3 629
7 12 94
33 43 973
15 53 617
11 39 399
76 79 981
33 6 74
45 64 65
71 97 648
23 74 71
95 33 70
100 94 604
13 59 753
62 7 639
65 18 217
2 10 391
54 65 116
23 15 952
85 6 594
79 46 872
79 83 346
87 6 901
5 54 378
34 35 547
32 97 434
99 71 579
17 30 985
51 32 111
54 3 342
26 32 713
92 28 411
58 66 404
99 69 826
14 54 321
33 6 174
83 13 224
86 28 636
94 72 682
9 83 983
36 68 689
32 60 620
39 6 967
54 87 688
84 11 341
34 40 193
90 74 51
99 49 292
60 58 731
78 86 352
7 26 155
31 47 780
37 97 380
15 90 769
18 27 850
73 100 934
35 14 148
83 2 535
88 5 450
89 74 322
61 71 98
89 62 475
87 60 522
82 67 420
99 20 864
70 74 494
61 54 656
77 16 797
97 6 189
86 54 237
25 42 823
43 26 547
95 74 512
82 10 875
74 84 739
66 54 186
52 86 873
19 81 611
65 95 739
29 76 868
23 58 672
74 10 150
81 80 485
1 31 717
50 40 431
6 8 714
79 90 268
46 94 874
92 68 976
12 62 745
5 27 181
38 41 105
74 63 162
65 97 298
81 10 25
91 84 942
100 1 638
5 95 661
5 97 679
22 63 364
62 2 718
66 74 184
25 98 807
67 81 963
23 19 82
63 4 939
73 22 130
29 72 889
89 87 609
26 28 221
62 55 752
23 35 954
5 41 371
37 92 716
59 29 305
84 49 755
98 20 525
93 91 89
79 19 894
12 70 439
25 94 681
31 21 695
44 4 60
8 43 549
87 14 846
82 91 974
45 82 106
24 44 548
84 45 438
58 26 897
54 26 791
70 99 615
31 88 433
40 47 687
31 69 443
68 64 670
74 31 156
51 82 610
39 17 427
46 68 559
45 93 348
84 38 285
74 33 480
83 9 22
72 68 891
94 13 109
82 55 579
27 50 530
13 9 535
76 54 306
14 100 880
61 37 744
57 52 131
3 24 196
73 15 689
99 3 60
8 4 111
21 99 177
64 78 340
82 88 332
26 49 610
75 50 331
73 13 264
75 23 737
94 74 279
43 83 73
86 100 889
58 90 974
52 59 517
30 21 455
6 83 832
84 79 576
57 44 141
3 73 773
12 78 926
80 44 782
94 25 959
84 99 653
53 16 291
14 59 573
100 97 944
73 54 101
47 58 735
71 16 206
84 58 206
82 55 235
100 50 242
8 71 192
16 25 482
18 54 762
23 92 161
47 100 620
54 69 158
88 7 836
54 94 48
95 47 344
20 69 569
34 61 192
45 30 380
72 96 68
28 1 191
11 12 490
55 42 476
96 74 887
88 91 511
17 78 273
46 26 191
57 2 448
74 57 889
37 75 282
51 15 39
68 63 760
59 31 589
47 65 101
37 91 82
37 25 643
58 57 381
95 58 187
2 48 956
99 77 345
84 43 514
96 68 990
27 98 52
82 2 190
25 1 558
100 22 993
4 21 545
96 25 677
84 89 433
33 98 141
46 17 160
13 64 602
93 59 67
24 79 383
57 46 581
35 47 615
21 49 373
15 81 407
74 47 337
90 39 502
39 93 716
95 73 605
14 3 984
59 14 171
49 66 846
54 14 967
88 59 880
63 14 488
83 28 605
17 56 779
98 17 226
4 23 317
57 44 439
18 53 303
52 73 345
17 54 894
96 81 399
65 23 930
31 91 155
90 20 962
94 82 498
41 20 78
91 97 262
5 92 174
45 66 242
83 62 631
5 49 398
64 19 877
13 34 507
25 86 736
22 76 355
33 93 861
24 55 152
36 46 393
70 42 948
58 65 770
89 19 639
23 40 413
51 25 571
20 37 317
100 85 63
22 76 947
52 25 734
63 4 26
96 23 541
29 33 185
83 92 927
56 64 338
4 55 644
61 100 990
89 15 262
82 93 172
100 92 700
59 80 43
74 75 405
83 16 662
17 42 372
59 93 796
57 88 349
23 60 39
15 82 659
85 97 387
76 17 8
98 82 876
18 9 409
75 52 526
81 56 764
87 81 228
75 43 635
46 99 675
39 31 360
45 14 361
62 33 469
32 23 532
36 24 816
48 49 911
38 9 376
65 21 272
79 33 805
27 50 502
95 36 913
66 16 781
32 96 968
30 43 787
66 67 135
34 58 700
43 17 410
75 38 911
62 65 719
78 29 369
93 17 319
10 9 646
70 87 656
72 61 458
44 94 274
20 35 306
94 55 907
90 11 658
6 56 282
83 61 330
50 69 751
57 17 304
76 86 984
40 63 473
67 92 897
46 70 766
93 64 432
94 79 748
95 7 916
9 12 622
4 84 988
82 79 478
27 49 736
60 81 966
92 3 936
4 77 530
91 98 874
93 32 560
88 58 141
95 62 782
96 11 877
10 37 852
80 48 686
63 83 584
75 44 838
21 62 351
43 15 409
43 50 44
90 36 420
63 31 798
80 56 273
83 21 694
6 38 544
87 12 405
8 99 495
67 72 761
41 51 751
38 66 105
41 69 806
34 11 243
1 75 737
34 78 975
91 92 119
50 15 633
27 18 101
87 86 67
80 30 856
39 95 341
54 27 187
74 28 941
61 44 779
12 32 235
100 21 603
49 97 685
99 10 179
25 64 805
20 17 934
82 14 409
97 98 387
27 41 282
18 94 8
73 26 613
93 47 177
90 47 262
9 18 509
13 90 319
78 82 938
93 88 411
65 14 888
19 37 133
14 3 174
57 35 46
81 57 385
29 3 440
14 46 935
6 45 204
30 88 69
44 91 571
8 42 254
2 95 569
87 60 930
74 81 60
64 40 450
66 70 267
87 33 783
63 78 698
49 56 809
39 1 738
80 24 853
23 43 30
11 51 835
88 4 186
84 81 592
5 30 790
25 32 824
67 28 100
63 68 712
12 97 410
2 34 994
60 8 52
13 31 469
27 7 164
55 81 61
33 25 227
11 94 836
70 51 443
15 4 327
56 60 195
29 42 92
94 63 890
31 84 327
15 93 722
90 6 120
3 26 422
69 54 147
53 34 123
26 94 28
25 66 732
54 51 129
8 84 589
75 46 349
29 72 458
97 32 717
72 98 42
58 88 884
29 76 83
89 32 601
8 70 841
44 20 238
58 85 834
85 93 737
61 36 135
48 11 608
40 15 121
34 8 140
96 97 514
12 7 190
91 80 455
47 51 682
11 21 501
53 49 101
45 100 771
57 10 596
100 25 407
26 63 914
21 81 937
5 21 925
50 14 834
68 5 914
16 41 685
15 95 479
26 36 515
95 29 838
14 72 956
50 10 544
68 56 522
79 24 566
44 74 937
91 28 601
78 26 722
61 3 321
20 25 978
87 5 126
8 29 25
74 70 827
3 10 863
91 93 249
6 32 575
85 83 245
12 13 733
71 34 354
49 17 762
16 21 585
89 33 318
63 95 316
9 83 487
79 31 49
77 88 179
83 54 934
85 20 617
34 18 425
11 78 271
77 13 548
11 46 224
47 70 23
99 72 582
1 32 598
5 96 472
65 3 179
95 34 34
62 95 55
51 94 602
45 94 14
69 72 384
5 17 284
28 45 350
81 27 710
39 24 708
69 16 859
66 52 428
62 33 467
29 26 735
24 81 947
100 62 981
11 2 612
2 54 839
47 40 3
47 100 437
6 55 800
63 60 604
18 51 569
87 23 127
9 36 173
40 24 779
77 18 420
48 79 474
37 30 64
97 68 11
76 14 531
62 31 242
55 21 136
76 53 922
52 91 722
23 69 414
32 10 699
28 34 449
36 75 213
64 3 408
97 82 378
14 24 506
17 16 404
92 88 589
37 36 419
38 66 44
60 95 580
92 29 31
67 94 504
35 53 337
35 37 798
20 13 377
61 42 839
71 49 625
85 4 1000
76 83 464
31 30 791
99 58 953
77 27 60
70 73 363
30 60 787
71 95 504
55 80 453
92 59 643
35 50 403
13 63 308
53 57 903
58 20 802
70 30 780
61 35 829
68 48 581
49 69 918
13 94 169
2 96 47
68 86 514
34 94 660
35 73 886
36 47 760
26 47 82
96 8 576
17 20 439
22 24 159
35 39 513
93 46 267
28 84 632
100 45 958
86 4 908
16 34 15
58 66 791
35 85 720
87 16 257
39 54 364
87 83 426
6 90 801
62 79 54
55 36 197
24 23 564
3 30 169
92 42 958
52 72 747
55 99 545
45 65 694
11 4 599
6 4 208
38 89 75
76 8 970
75 3 928
62 70 340
45 52 58
1 26 715
73 91 909
95 32 809
83 45 967
7 49 128
15 16 406
79 71 152
96 70 9
78 19 627
20 99 210
16 60 194
85 23 977
16 36 555
95 91 706
95 45 661
12 42 854
51 59 458
71 39 655
71 23 699
2 91 240
8 37 53
94 27 260
9 72 222
70 20 755
45 20 212
49 28 955
74 99 183
39 37 552
37 29 310
74 50 789
2 84 530
95 23 527
67 59 51
37 74 969
4 27 750
44 21 333
1 47 63
48 22 704
53 9 797
31 18 683
71 26 344
1 79 748
76 66 958
72 20 224
59 34 304
5 97 86
39 60 741
27 4 701
47 31 479
87 17 584
34 53 78
87 52 464
31 53 171
12 67 945
46 15 659
18 73 478
67 53 77
37 27 104
77 72 924
11 30 150
31 49 473
21 9 437
91 90 303
26 30 267
53 100 878
85 46 764
54 73 598
88 92 528
32 66 203
19 27 852
10 77 458
7 59 502
18 15 584
24 5 163
44 4 686
34 50 86
47 64 912
41 77 40
72 89 238
88 54 6
7 14 993
28 100 317
64 12 113
17 25 627
63 60 546
1 25 865
12 72 499
61 98 417
68 88 16
83 3 440
30 3 315
73 79 129
88 50 276
50 89 179
78 13 83
73 41 455
59 50 599
44 55 795
33 68 730
40 33 918
5 29 18
7 87 17
6 80 692
34 46 928
89 96 60
12 4 589
82 76 415
56 22 281
85 29 575
24 22 909
47 81 907
65 14 325
85 7 381
75 94 120
55 94 558
49 86 696
52 67 358
100 38 291
47 71 334
28 79 911
52 50 909
64 42 907
52 18 62
87 90 368
16 38 932
59 49 882
80 97 135
5 11 396
40 83 920
54 76 973
44 9 262
42 88 728
30 28 188
18 23 376
95 83 928
17 13 599
84 88 587
59 86 729
25 76 736
95 14 363
68 63 885
68 2 200
40 93 414
87 71 994
9 67 325
79 48 195
76 91 213
12 89 255
9 80 88
82 10 584
13 100 67
24 99 689
97 7 553
17 20 858
79 75 755
34 36 638
8 49 735
93 83 43
48 43 124
37 5 486
70 49 726
8 46 750
96 10 730
62 64 835
97 17 160
86 93 722
13 44 801
69 3 24
8 56 304
68 53 783
38 31 455
85 74 135
77 36 274
32 59 584
90 49 342
20 24 852
35 22 750
12 11 385
30 12 189
37 80 545
30 89 800
37 76 165
71 8 458
33 68 932
21 92 208
39 87 600
1 15 546
19 60 46
28 14 445
94 55 398
12 49 240
16 51 587
38 19 89
13 62 418
40 5 784
54 95 395
85 61 346
77 99 130
92 47 5
31 56 288
31 65 428
16 81 538
91 1 464
10 57 480
59 21 613
62 37 223
11 48 506
93 64 578
10 67 249
25 68 275
40 33 544
63 2 948
96 29 744
56 70 581
77 3 230
17 36 766
21 20 579
21 52 292
51 70 451
37 35 205
12 85 786
51 41 465
74 80 204
97 70 505
90 89 565
81 41 634
88 15 632
44 12 133
77 17 303
71 37 796
53 79 767
43 92 351
86 98 869
47 69 284
86 28 496
73 68 871
23 71 496
23 37 177
37 93 622
70 30 686
59 88 961
64 18 370
33 50 138
41 82 238
39 68 736
16 77 287
65 93 473
66 93 422
24 87 369
5 21 571
24 64 355
97 2 258
60 95 102
86 10 594
8 83 965
11 48 617
23 24 439
5 33 456
52 41 45
12 93 998
94 31 181
24 76 923
30 36 840
12 72 866
85 49 441
78 60 504
94 96 902
68 70 34
86 16 926
89 50 941
32 23 254
36 77 695
90 19 725
65 20 133
8 64 626
17 91 121
92 13 703
5 70 218
7 81 501
82 32 33
17 34 135
62 48 793
10 28 656
74 89 812
4 28 720
10 53 974
45 10 7
43 68 841
74 36 553
9 88 432
47 65 100
99 45 183
88 98 92
23 65 284
26 75 951
18 98 988
83 75 364
52 28 528
62 34 312
95 22 559
83 9 976
9 59 67
68 100 181
16 83 111
25 78 885
31 87 930
40 91 734
15 65 108
35 86 14
92 68 427
98 84 346
14 46 337
31 50 270
27 97 76
67 78 465
18 45 66
21 14 835
93 94 752
17 94 563
100 23 368
20 39 601
65 14 737
22 94 599
20 88 218
47 75 536
65 86 291
38 9 408
15 24 967
21 79 458
11 29 134
54 16 102
42 24 288
85 28 747
91 32 696
93 87 102
42 74 883
74 18 996
65 10 58
8 71 88
31 65 558
64 43 496
31 95 419
81 70 822
84 15 792
29 63 177
94 74 246
86 8 77
50 66 993
20 84 875
63 78 443
58 76 695
28 17 159
76 99 632
19 97 715
2 70 456
34 99 486
90 95 109
19 91 927
84 8 513
64 93 688
7 87 124
13 30 504
28 4 263
25 53 150
10 32 345
87 13 552
67 70 380
30 47 768
63 4 840
44 36 375
41 91 624
97 53 362
30 48 834
39 85 280
78 59 358
39 97 197
67 39 548
78 67 854
98 21 910
55 8 731
73 38 818
29 53 875
51 71 300
50 18 38
80 55 627
15 69 651
56 74 706
58 14 356
27 32 331
33 52 936
80 40 249
69 24 387
31 8 10
40 43 433
26 5 284
76 24 480
5 29 833
9 83 507
94 1 395
54 97 370
43 96 17
30 48 259
26 46 456
50 15 719
10 15 953
88 29 765
75 52 957
41 87 202
83 91 725
36 90 434
21 99 506
4 33 101
86 59 669
5 67 611
44 65 415
98 79 418
82 67 66
31 19 257
83 32 536
2 60 109
38 53 374
10 23 497
81 70 25
82 26 809
31 10 96
80 93 517
28 93 464
70 29 189
51 34 551
84 23 509
74 50 751
68 70 768
7 82 299
36 94 642
95 23 731
36 43 975
76 86 351
4 54 612
44 74 625
48 3 59
58 80 381
42 49 898
26 29 245
89 18 953
42 8 146
67 94 636
17 78 375
51 29 955
7 6 614
85 21 686
94 63 205
4 66 697
71 13 812
51 49 954
38 46 204
57 29 569
53 60 792
41 17 368
12 82 123
40 37 713
9 84 638
15 50 218
19 86 829
71 65 373
91 37 680
97 52 769
8 69 282
56 51 922
28 12 18
64 70 358
62 77 704
97 84 193
19 98 867
96 99 334
16 62 722
14 5 941
66 64 677
54 16 582
84 37 753
22 96 309
90 20 201
27 47 785
80 58 274
11 35 913
4 28 255
62 5 193
16 58 655
89 43 110
97 72 747
56 25 791
26 13 376
70 9 427
59 7 714
30 47 930
72 1 338
31 60 305
78 85 303
66 27 364
48 42 791
100 37 375
70 96 680
23 40 251
86 78 861
38 42 926
22 37 917
89 75 867
90 61 459
31 8 60
92 55 608
17 19 560
38 73 776
36 44 551
12 97 554
65 35 476
41 56 741
39 5 357
80 6 864
5 58 45
99 43 652
56 28 202
88 57 251
35 42 245
5 8 407
75 73 445
87 79 612
67 98 959
57 53 459
83 67 206
17 73 977
28 30 937
93 96 488
8 37 97
28 3 161
68 26 244
82 4 433
52 66 95
55 92 323
50 75 85
87 91 193
55 61 51
37 65 683
41 29 966
47 73 971
40 82 519
46 29 649
46 51 436
96 1 668
92 46 534
84 61 506
71 73 136
2 1 564
89 19 792
90 71 761
74 48 296
70 89 605
36 51 493
90 17 848
16 94 373
8 58 629
60 74 368
26 36 57
86 72 687
82 48 216
24 70 118
44 86 925
98 48 478
31 34 542
42 44 20
48 80 479
97 57 612
89 71 286
9 18 335
50 53 966
99 8 841
93 19 505
32 64 297
52 80 631
69 93 499
33 38 151
12 35 104
98 38 884
50 1 434
81 79 879
58 86 124
55 17 728
39 9 428
41 69 403
37 62 187
88 33 787
92 32 174
82 46 241
96 9 929
9 12 973
65 81 774
92 39 848
28 78 385
62 43 840
94 12 725
89 22 136
49 52 846
15 11 951
26 30 79
90 60 624
18 56 322
21 34 933
29 5 392
49 97 162
79 30 389
1 54 784
5 9 207
59 41 108
3 94 111
42 67 981
13 19 483
48 23 303
94 68 374
31 63 91
47 64 751
45 7 884
28 51 930
72 97 41
2 88 310
48 20 367
24 92 495
100 72 889
82 67 217
49 77 728
73 95 672
48 35 628
35 89 51
8 34 585
51 67 977
15 1 682
96 26 948
62 24 237
5 64 115
64 69 939
87 65 410
93 46 554
62 59 126
22 19 537
56 94 653
36 63 304
13 39 465
5 39 681
41 43 775
61 67 613
13 66 218
2 37 244
32 77 142
62 3 24
60 43 888
40 97 505
63 97 509
70 42 112
26 20 527
2 3 505
76 8 649
100 57 341
66 8 334
53 60 624
52 49 554
86 53 779
73 66 85
51 49 517
29 78 365
29 95 105
19 79 959
3 81 814
96 57 699
61 99 490
15 73 832
43 46 343
100 98 369
12 62 341
19 86 803
3 31 573
57 69 735
91 89 59
2 63 542
43 17 279
37 98 130
34 4 992
30 22 759
6 100 243
90 11 579
71 64 327
77 9 938
14 91 656
25 83 599
96 51 925
75 42 245
53 25 700
67 22 177
91 9 101
95 56 322
72 99 713
27 50 661
78 26 533
54 100 362
93 53 346
12 97 757
52 72 898
4 18 591
17 2 436
79 62 190
25 56 213
96 46 381
3 32 428
80 34 330
83 10 945
65 49 880
24 19 930
48 36 98
58 7 948
86 74 899
26 45 982
74 5 243
27 99 73
67 21 599
14 98 261
74 46 963
78 80 825
17 71 396
19 62 653
87 22 915
30 16 815
47 33 563
87 20 978
88 58 244
46 43 516
43 61 391
98 17 622
52 34 133
46 89 873
62 34 177
58 19 474
5 77 278
11 48 997
17 19 557
39 35 878
11 25 782
91 1 402
96 89 331
51 38 491
64 10 205
47 82 359
98 26 643
8 47 988
88 95 253
4 74 645
9 77 451
73 19 837
46 48 929
61 21 977
21 33 691
38 25 119
54 7 817
4 36 243
42 84 553
18 62 116
31 80 341
58 7 97
5 13 931
36 7 526
63 77 48
55 48 24
41 38 931
9 25 334
97 32 639
7 28 442
89 20 731
22 3 681
30 34 107
45 58 157
38 68 408
28 24 186
33 79 226
85 36 222
92 47 650
93 69 220
71 10 789
58 77 372
36 69 374
44 43 610
30 50 95
84 85 999
52 32 159
92 84 384
6 57 943
94 7 520
48 89 663
51 85 249
93 81 594
33 10 254
99 11 300
22 4 739
76 30 379
81 22 154
82 41 144
94 88 498
30 7 82
100 55 376
79 21 884
16 49 18
91 73 691
62 13 763
28 86 83
100 58 898
53 89 576
18 36 144
97 36 904
3 67 51
42 69 669
19 10 905
37 83 591
95 18 204
72 95 653
62 31 688
7 74 878
85 87 716
35 24 656
8 61 521
57 94 45
68 70 835
28 3 947
83 86 520
21 62 666
43 34 366
97 40 656
84 32 349
64 73 486
12 4 316
94 86 308
70 51 685
95 88 416
51 28 741
15 21 785
76 54 806
99 7 502
30 53 776
6 35 420
33 54 3
73 47 987
57 43 686
46 6 237
32 88 207
47 57 917
37 67 577
26 72 244
86 77 523
25 39 470
76 49 316
4 54 758
12 83 270
37 23 385
97 2 332
52 84 670
25 21 645
80 44 894
82 60 960
96 90 13
70 11 586
32 10 259
53 75 604
82 52 345
13 76 494
69 47 954
67 36 395
68 47 889
38 77 84
46 86 149
47 3 270
12 41 770
65 22 749
81 77 386
93 53 941
90 23 161
55 1 205
71 12 571
71 44 363
50 52 244
47 27 568
32 90 496
58 84 744
7 42 918
95 92 805
52 59 170
25 74 828
15 33 14
73 78 254
20 76 579
19 44 166
100 51 887
60 71 129
3 1 549
50 48 643
20 18 437
59 36 698
12 58 574
66 95 788
34 2 819
25 99 451
94 36 134
23 28 427
36 96 608
80 12 360
62 4 781
34 85 230
18 57 190
37 72 533
23 10 96
93 56 857
28 35 758
40 80 330
27 4 443
93 77 239
58 86 665
65 85 19
41 53 589
17 31 870
18 71 64
91 97 731
3 53 994
94 17 232
8 7 117
73 83 790
25 63 144
8 52 258
91 44 657
13 44 416
69 83 553
72 16 942
31 87 878
10 91 767
98 1 815
3 81 799
79 2 365
58 94 161
43 65 331
88 51 765
52 44 798
91 84 862
35 4 675
65 4 367
31 73 331
24 78 110
61 2 187
92 34 896
62 29 306
82 12 331
78 57 349
65 21 45
3 97 139
78 9 318
8 39 651
84 33 691
81 51 456
77 82 687
23 25 489
11 59 773
66 95 975
47 32 800
59 48 970
40 23 280
11 47 240
90 2 212
49 33 232
70 59 668
46 37 786
89 72 21
56 6 299
25 5 706
65 62 657
22 51 378
81 59 474
68 86 420
12 78 863
69 30 819
89 30 356
16 25 42
61 15 277
52 19 651
29 18 71
59 51 639
41 71 457
6 94 450
62 9 255
38 73 622
96 44 190
100 12 681
23 84 716
9 60 883
66 34 70
9 81 987
43 25 133
28 71 297
29 78 444
93 95 607
58 29 885
75 96 994
30 8 374
19 16 763
36 3 439
42 31 307
91 77 919
34 18 700
64 19 718
68 85 989
15 22 158
43 55 886
5 40 737
86 83 202
98 3 251
66 34 700
70 27 600
67 10 130
96 71 348
92 76 280
99 35 808
81 56 467
49 3 306
25 77 565
12 14 41
80 60 924
81 98 495
76 26 15
26 97 719
80 11 867
82 48 36
40 21 448
32 60 597
75 44 199
59 86 293
29 82 886
96 86 56
12 35 559
10 65 757
16 6 759
11 70 104
89 66 761
35 21 887
67 89 550
62 67 143
41 58 967
99 12 789
50 63 850
95 36 702
90 43 102
83 37 236
30 15 537
75 82 507
23 59 192
9 95 752
48 96 814
1 55 941
10 48 257
65 38 399
23 75 915
88 42 667
36 93 251
92 6 309
82 53 825
22 17 382
34 24 977
61 53 68
93 16 70
42 62 967
14 33 142
63 86 497
75 73 236
44 74 421
58 19 969
10 4 882
3 96 353
1 91 98
49 82 597
67 100 881
33 58 165
10 90 819
79 69 799
28 27 577
96 15 155
87 45 357
37 32 480
71 57 589
24 84 337
100 96 359
77 76 359
30 35 733
84 71 840
2 86 497
96 60 37
61 28 264
49 8 339
62 56 314
6 44 848
82 53 835
67 62 756
16 44 113
51 47 987
98 22 395
8 40 797
20 97 155
47 64 487
32 33 504
62 99 74
33 98 84
60 39 908
52 42 232
28 33 794
30 98 742
50 79 656
33 1 984
8 96 32
20 78 868
52 90 776
19 49 632
50 15 950
35 80 120
67 70 482
50 16 75
60 5 807
24 58 581
92 97 49
15 44 322
55 28 934
45 66 576
70 27 112
51 68 173
26 41 905
1 3 168
73 62 769
86 17 509
41 1 534
10 50 61
14 10 324
27 26 770
39 76 488
14 100 114
47 52 34
100 57 760
94 76 950
72 42 611
69 99 92
18 47 293
47 21 571
12 67 676
5 37 420
6 75 85
74 88 100
25 23 172
57 47 217
74 37 723
57 39 344
8 44 824
33 27 354
65 7 427
72 17 918
87 52 47
65 59 749
56 54 548
6 21 636
98 33 260
47 30 231
17 20 376
38 21 743
5 63 727
36 37 697
97 94 602
84 74 40
21 18 873
34 4 264
51 34 325
43 4 640
27 59 126
95 78 835
61 85 981
9 80 95
99 10 408
86 92 410
58 32 625
81 72 885
90 67 587
53 89 269
99 7 431
87 53 937
75 51 77
7 61 899
44 16 15
12 79 285
36 48 456
10 31 198
65 66 598
34 58 496
8 32 980
16 52 649
79 63 743
32 86 606
40 28 150
33 6 649
64 46 310
35 47 45
99 36 727
15 27 257
7 96 115
69 88 818
44 18 76
20 70 785
84 54 831
62 69 544
27 100 834
59 50 184
25 58 945
57 92 590
56 91 552
99 67 963
10 74 474
40 35 797
69 65 644
34 89 315
3 86 333
3 56 901
65 72 616
57 51 379
81 50 113
44 27 516
67 37 35
73 29 764
44 65 843
24 68 916
56 81 547
69 10 470
32 91 460
8 94 836
48 66 555
46 66 925
37 92 203
13 25 134
53 44 255
10 47 488
17 79 180
42 83 828
93 33 232
31 56 604
81 20 78
19 18 863
21 60 131
41 9 89
27 40 923
52 80 15
82 62 306
7 25 794
25 35 59
90 49 372
59 56 381
21 7 955
48 67 785
98 33 848
33 67 320
15 67 384
89 85 776
55 47 898
24 66 511
2 42 795
86 16 104
18 13 443
43 86 361
61 14 798
94 66 273
44 86 232
26 94 797
92 25 174
32 43 979
11 95 823
84 88 328
1 78 67
78 91 208
1 89 867
70 86 269
100 16 240
48 57 988
53 33 444
41 61 827
63 31 989
51 9 7
72 78 443
6 44 984
32 79 10
47 98 627
18 6 55
25 77 646
51 9 635
53 72 898
8 97 549
65 15 656
98 16 164
47 20 329
94 34 106
54 21 511
100 49 411
96 78 164
67 2 545
14 93 241
27 67 325
32 84 383
64 84 819
71 14 514
69 14 84
95 6 860
87 10 464
56 74 594
46 21 282
25 13 523
88 95 404
72 70 577
34 4 627
42 59 790
67 93 157
81 71 714
9 81 961
43 39 471
44 4 241
46 59 623
27 29 517
85 89 560
58 60 20
58 1 114
17 26 126
20 70 911
45 85 413
32 82 704
82 9 756
32 100 328
47 65 161
53 77 114
3 82 408
25 77 882
56 22 754
43 56 554
100 61 543
66 94 521
19 83 386
69 45 935
58 6 950
52 36 72
3 20 373
48 23 567
40 93 382
51 75 26
42 89 967
38 59 844
16 23 689
31 64 552
42 64 631
1 39 969
94 56 249
55 40 64
18 83 114
8 99 246
83 27 668
62 83 913
80 10 318
83 28 605
98 35 853
62 37 909
72 90 984
52 12 370
5 59 653
30 79 144
94 61 130
38 32 729
54 77 73
71 91 887
41 4 996
10 2 460
95 1 484
94 28 248
61 55 59
80 47 890
45 68 650
75 65 618
22 50 954
99 4 391
36 42 714
78 6 638
5 96 930
30 100 832
64 26 193
78 57 515
33 20 478
43 33 152
96 8 680
13 86 893
22 95 78
32 63 768
99 72 751
31 66 683
87 11 815
70 65 613
15 90 687
10 50 347
86 3 856
47 61 373
10 29 274
94 25 252
81 12 380
59 97 12
15 34 926
80 8 126
38 91 813
70 93 286
49 16 418
2 47 567
37 38 125
58 95 698
78 24 233
81 60 398
2 74 575
90 83 914
53 45 123
88 13 316
45 65 544
75 62 235
40 18 584
25 2 761
13 69 917
98 52 97
21 96 602
61 78 255
25 98 640
29 88 805
44 69 106
5 30 375
42 32 784
99 92 251
33 58 563
1 22 217
35 19 32
40 73 944
10 83 802
1 22 19
5 49 218
24 90 917
75 85 620
51 42 941
77 32 853
14 36 811
87 48 918
55 5 157
61 47 42
7 72 973
83 100 353
26 51 500
11 54 398
24 14 241
27 34 399
81 88 632
31 57 489
48 35 359
46 71 719
79 84 57
43 4 381
61 98 806
81 39 266
7 15 892
37 83 100
84 51 440
42 57 272
12 59 888
26 25 837
41 61 284
54 62 17
66 13 872
38 27 782
16 26 233
77 14 294
62 59 415
5 50 986
95 86 566
67 63 867
28 67 623
92 14 119
19 38 716
17 61 374
6 17 884
76 69 633
33 78 425
45 39 890
11 26 3
9 59 975
3 33 567
76 7 701
87 5 36
22 57 475
66 74 40
87 81 254
17 49 402
17 53 49
49 7 766
20 92 465
75 94 344
81 8 563
98 9 41
37 86 649
46 11 564
4 84 990
6 49 214
64 15 806
49 52 151
3 90 859
13 36 347
41 76 309
71 77 301
40 24 876
18 52 961
94 12 376
25 23 197
65 64 411
53 57 295
57 10 27
85 9 732
1 10 166
28 38 644
11 3 432
74 82 790
14 67 510
63 66 983
92 11 899
47 74 474
84 10 890
65 85 152
27 5 469
14 83 720
79 32 957
73 96 917
87 45 63
66 68 355
41 43 959
15 75 433
38 12 28
99 71 714
84 5 864
45 41 254
39 83 912
17 30 993
33 83 133
62 85 512
30 88 801
49 57 972
21 3 368
59 27 380
46 39 475
13 70 327
7 18 891
20 82 312
14 83 524
82 58 772
32 9 594
10 28 472
38 8 749
50 25 546
28 94 920
7 89 441
9 70 12
90 100 933
98 2 688
12 44 237
37 87 795
20 35 800
29 77 536
16 17 755
7 75 837
48 30 971
25 23 416
24 65 679
89 28 771
5 51 232
21 53 638
67 87 158
58 72 782
91 14 452
64 57 222
98 89 118
68 26 834
32 51 915
44 54 645
14 31 639
30 57 406
1 30 511
29 32 487
82 14 350
58 98 547
94 72 456
2 97 186
31 8 257
84 29 25
36 2 222
74 52 959
20 98 261
45 42 220
31 97 415
71 55 549
74 38 372
4 19 3
81 59 106
8 33 495
75 44 551
24 16 143
80 32 680
82 81 80
29 49 787
86 34 792
59 5 982
18 32 23
84 68 560
28 34 179
93 90 477
54 11 537
9 25 181
25 38 318
81 87 584
3 39 332
39 80 443
40 95 99
46 16 282
99 51 904
96 44 984
66 20 112
64 25 181
87 23 416
46 10 212
33 59 131
25 9 959
48 16 655
92 46 12
54 1 459
83 81 830
20 11 644
71 59 838
100 90 658
42 67 370
1 93 121
9 93 608
45 5 555
2 84 904
35 44 659
35 31 662
20 78 174
53 69 988
8 71 838
99 96 482
3 6 366
37 40 444
79 86 61
24 73 315
75 44 641
39 8 963
10 40 563
63 5 85
96 23 154
88 89 777
56 27 831
57 87 163
42 71 723
53 5 145
53 18 168
97 83 979
91 3 531
11 77 919
92 20 1000
9 53 183
67 69 316
49 90 754
68 84 479
42 65 537
31 51 919
47 72 730
55 92 809
10 3 433
9 49 325
28 42 660
93 4 502
12 42 847
23 73 739
85 34 277
11 47 701
27 38 569
75 17 874
5 62 450
87 32 747
31 10 654
8 68 191
34 12 186
84 2 460
78 51 840
14 72 117
33 49 195
18 67 624
57 28 610
85 52 955
62 1 868
48 47 849
12 10 373
14 26 821
49 97 124
95 72 166
25 96 163
51 32 364
93 34 319
66 24 40
3 81 34
91 93 553
25 94 652
82 70 976
3 51 829
98 100 611
79 8 561
97 85 953
71 81 143
80 34 673
74 5 292
53 96 691
10 19 5
66 25 136
71 94 898
1 19 267
87 73 892
59 45 818
82 22 958
84 37 969
22 62 151
26 32 190
49 64 455
33 76 64
49 81 570
40 37 875
7 10 253
96 75 964
95 43 78
2 9 118
23 47 409
80 64 737
42 18 991
10 91 972
88 16 717
3 20 6
85 5 912
81 78 651
96 75 430
19 55 232
96 22 754
62 16 182
65 66 453
31 25 667
99 44 731
86 40 626
87 14 443
80 44 298
89 61 554
8 85 200
26 29 323
88 72 335
57 71 356
41 97 245
21 53 23
41 77 770
93 88 375
42 15 332
17 94 589
62 12 968
56 29 184
44 42 914
90 98 42
96 43 949
93 17 150
84 20 234
19 52 434
79 95 162
29 81 389
74 93 630
34 89 588
95 72 151
81 61 305
55 7 555
39 99 509
98 31 2
38 14 404
10 24 40
23 71 946
95 82 633
28 18 332
76 25 732
100 98 166
6 16 993
74 36 167
49 11 78
51 15 911
58 47 490
86 84 541
60 86 113
33 58 684
27 69 491
33 20 647
73 17 224
14 20 521
93 96 561
85 27 701
29 8 390
86 24 404
12 63 125
11 92 311
4 8 36
60 36 112
69 1 289
40 91 458
51 19 765
96 59 776
23 45 726
72 37 375
59 16 257
89 100 600
87 43 701
77 63 55
82 30 475
67 63 435
9 26 118
1 84 123
24 64 693
65 18 946
82 16 188
96 5 330
99 98 759
62 75 23
68 88 213
16 89 236
9 55 857
35 96 367
46 65 638
95 21 672
53 8 685
94 61 762
72 67 511
73 71 108
80 18 558
100 26 90
66 9 495
21 19 297
33 8 298
24 38 442
29 36 143
19 26 105
91 23 952
40 48 738
20 7 371
67 83 819
94 70 958
93 54 508
56 25 864
9 99 401
60 20 414
71 85 286
1 90 26
35 14 815
79 24 375
92 40 761
19 41 644
7 9 916
22 57 39
12 5 3
51 15 933
40 94 201
71 90 490
58 24 442
31 17 411
48 97 213
6 82 546
80 15 606
20 71 578
90 19 274
28 11 214
97 40 370
64 49 711
37 51 597
69 72 752
76 7 409
99 38 5
60 59 631
89 37 594
71 97 98
25 36 273
63 95 355
92 70 63
40 79 914
23 26 329
5 19 28
98 61 495
97 40 818
15 53 985
29 48 194
22 38 795
85 19 810
45 56 257
49 31 583
25 36 144
32 31 727
32 72 814
32 27 557
71 27 185
86 80 972
29 2 793
55 93 278
57 94 894
64 25 960
20 44 484
91 46 354
27 17 375
9 15 802
66 87 981
61 54 933
24 42 169
61 29 356
100 14 487
45 36 692
1 17 32
73 68 408
75 38 11
35 68 771
30 92 416
46 25 247
48 3 432
94 77 258
42 28 882
46 7 266
10 23 456
1 8 655
11 10 770
28 70 102
16 72 335
43 37 524
23 98 791
15 77 12
15 76 295
39 5 566
96 95 800
10 90 844
83 64 295
72 26 495
65 93 992
6 26 968
15 85 735
40 70 910
21 30 364
76 65 203
76 29 737
55 60 412
29 57 763
14 69 650
21 20 9
2 11 790
11 73 829
73 68 602
59 11 53
96 52 425
74 50 474
56 71 62
43 50 275
16 97 151
66 27 747
55 45 113
52 12 281
55 43 649
80 56 338
69 100 53
36 44 187
99 72 180
67 75 30
17 80 221
43 31 687
76 41 19
26 63 490
75 46 597
9 30 306
70 5 678
65 26 192
51 37 769
79 16 344
62 36 507
99 18 449
15 51 563
73 48 801
21 10 243
22 71 815
11 69 424
61 91 661
31 13 307
74 11 533
52 93 306
52 19 560
92 14 128
87 26 140
70 12 291
98 4 591
84 30 901
37 9 69
15 84 976
69 58 587
15 92 675
19 18 498
85 43 754
86 12 730
82 84 164
1 75 328
64 54 302
25 68 12
66 24 249
14 53 680
25 86 591
15 68 933
99 66 79
35 33 16
94 4 446
46 52 396
24 57 134
14 62 744
83 79 539
23 13 538
71 13 804
82 4 67
22 14 869
80 9 893
54 19 356
18 92 917
10 31 252
87 77 200
90 7 355
42 51 875
19 27 165
30 55 612
68 45 56
29 10 1
16 23 775
39 3 583
93 69 710
43 2 85
30 21 916
3 46 36
36 38 116
69 72 367
58 89 881
61 12 768
96 91 106
38 76 484
4 53 602
98 4 781
54 70 980
76 50 875
54 22 602
16 51 184
68 50 910
87 34 948
33 86 645
58 100 624
48 68 701
19 84 683
66 86 224
62 26 372
56 63 601
39 9 695
56 89 248
52 32 647
35 92 903
17 16 728
99 89 372
87 90 785
74 8 704
61 79 498
71 36 662
10 54 724
31 41 667
88 81 87
1 52 282
16 15 680
10 64 964
78 19 257
99 79 656
59 73 20
64 58 389
42 14 222
19 63 582
22 50 173
62 18 397
84 71 727
41 38 307
2 63 979
84 8 600
96 1 616
64 18 189
9 64 766
19 94 976
13 34 187
25 8 311
14 20 48
51 11 465
43 16 471
86 80 988
3 12 299
64 45 494
83 89 589
27 8 924
53 70 848
22 35 31
35 13 294
30 34 298
82 43 145
99 78 763
85 9 687
79 3 153
21 96 925
64 2 856
84 80 111
48 43 262
36 88 561
71 50 229
90 76 840
10 36 19
61 90 480
35 70 458
56 74 792
92 44 130
5 54 729
22 81 789
100 57 704
44 4 689
89 40 486
16 90 631
8 5 437
97 25 586
95 38 908
52 76 681
7 69 674
34 28 303
94 96 402
30 26 122
28 3 936
44 46 85
55 11 246
16 52 959
36 80 363
80 64 943
8 95 329
26 55 680
74 85 175
42 79 634
48 63 359
28 19 841
28 68 298
4 30 394
43 13 357
73 11 552
43 78 875
50 18 931
37 94 396
14 86 887
86 93 662
90 71 219
87 94 866
63 36 349
5 38 675
75 69 59
22 18 760
78 84 243
82 52 719
91 63 378
46 95 207
3 13 331
5 84 947
86 92 59
29 27 651
53 43 735
19 96 69
60 18 116
28 9 84
77 12 179
66 84 705
26 14 152
98 56 564
80 77 23
18 71 498
60 77 489
87 80 959
63 92 672
45 86 736
84 54 998
91 12 137
64 79 996
76 23 281
45 74 566
43 2 263
13 73 552
33 59 657
96 83 438
2 18 881
27 88 356
93 56 793
99 95 241
45 20 558
45 69 241
43 55 967
69 53 943
9 98 498
25 35 992
44 40 915
10 87 315
50 34 244
62 76 616
80 82 736
59 76 953
94 5 56
22 48 838
40 74 588
31 53 260
88 6 274
83 24 368
40 58 966
97 60 32
99 22 984
68 40 859
47 62 951
59 78 910
24 6 96
7 80 596
15 48 949
53 77 64
57 24 629
12 89 653
60 46 951
2 97 140
32 48 384
46 29 861
69 43 32
100 13 51
28 97 602
83 43 909
7 31 804
47 78 704
84 47 944
5 31 177
98 25 987
46 36 493
27 90 979
79 89 782
88 29 203
19 90 946
85 57 690
21 61 741
94 14 262
54 31 133
5 61 892
27 35 898
57 42 198
27 45 609
43 45 848
69 45 658
41 18 362
62 44 363
70 18 209
67 20 56
70 40 972
43 72 234
73 58 480
39 35 221
73 80 924
51 53 358
76 99 253
83 64 661
37 8 994
63 77 35
2 52 262
64 84 636
22 16 249
8 61 77
28 94 410
85 16 816
78 74 797
3 22 273
30 74 545
57 14 348
66 82 517
30 98 304
91 33 479
71 15 716
47 84 147
71 45 761
94 95 628
51 15 925
98 49 611
11 31 72
12 36 647
4 16 33
49 46 298
19 77 237
29 91 830
37 68 332
58 19 135
78 13 25
54 35 408
70 69 246
60 47 638
85 16 183
88 71 94
85 26 466
98 30 726
43 22 402
84 36 157
92 29 294
87 96 260
68 3 179
72 58 859
25 85 501
24 100 571
85 33 34
22 93 932
15 85 512
54 46 149
19 93 479
42 48 748
58 19 456
43 76 873
59 86 909
8 48 23
95 91 951
21 48 978
4 69 10
85 100 135
72 97 763
100 58 781
49 21 218
21 1 736
62 6 8
48 97 242
62 53 69
69 23 41
41 13 467
28 37 402
32 59 556
37 57 344
59 84 967
74 28 433
90 94 729
64 46 533
61 63 923
50 58 873
12 31 977
8 53 315
24 98 169
72 91 728
42 24 249
18 99 266
23 70 384
98 100 695
1 25 414
83 84 596
41 92 740
15 29 908
92 87 394
65 55 954
33 80 266
34 26 400
94 59 373
68 59 507
62 72 179
41 1 485
6 86 541
19 73 813
70 35 371
8 95 207
97 77 68
56 65 221
72 35 156
43 57 297
66 80 853
16 67 615
39 59 419
12 88 740
86 67 918
21 78 261
46 66 900
51 34 422
35 43 773
72 37 240
97 59 535
44 85 222
61 45 319
33 37 757
68 8 893
89 22 685
95 99 331
92 49 952
73 91 284
57 27 357
85 67 691
65 73 65
68 15 318
19 61 963
98 23 884
22 31 813
91 33 833
1 41 891
31 72 908
15 78 214
29 36 158
66 24 147
77 42 525
28 65 138
12 16 206
76 37 915
58 82 244
7 84 91
35 52 42
30 74 726
100 24 747
18 2 458
68 59 411
67 79 318
3 64 326
99 35 814
25 99 89
50 54 153
1 4 973
65 21 813
66 9 829
9 57 909
97 41 70
33 46 167
59 40 18
73 35 198
62 64 643
39 81 827
75 14 670
86 14 90
44 34 241
5 17 848
89 17 486
37 28 466
26 57 113
64 17 909
65 61 883
30 43 6
29 18 431
77 37 671
55 70 293
19 34 161
36 19 572
6 3 528
26 32 410
75 33 554
7 58 697
5 36 248
19 90 289
88 64 409
63 79 918
28 81 879
42 64 323
87 95 286
42 58 732
36 71 530
64 38 440
37 69 998
11 13 450
39 82 484
32 95 399
8 82 549
83 7 153
83 55 700
25 100 13
35 42 192
2 26 215
11 55 791
77 87 407
20 42 737
1 12 107
23 53 519
47 82 965
65 94 23
11 46 518
55 12 535
100 42 966
49 76 147
79 23 587
12 9 139
100 14 94
63 40 123
55 71 482
74 23 259
84 56 516
84 87 932
74 62 829
57 26 482
7 10 608
43 64 194
83 40 465
10 79 41
36 18 519
58 35 618
99 76 307
28 50 39
79 74 432
38 3 581
52 97 526
83 12 761
34 40 535
2 99 31
5 3 105
91 65 126
83 64 250
100 99 46
27 75 766
55 4 313
7 15 34
21 90 843
21 3 984
36 58 479
45 74 775
38 78 258
18 46 660
86 43 422
76 79 626
45 33 253
79 67 407
89 44 588
100 95 6
100 57 685
2 49 900
13 94 165
13 70 263
50 97 578
32 25 160
51 33 692
66 3 129
31 1 77
55 83 820
9 64 430
58 36 363
82 63 12
54 45 696
100 88 288
67 83 297
72 13 954
35 43 982
45 78 847
58 88 612
50 49 27
30 58 81
97 93 46
36 96 949
86 76 678
70 5 136
86 38 57
69 39 567
92 95 835
59 23 32
94 77 448
16 2 659
74 61 551
89 64 492
4 72 473
54 1 811
46 75 377
87 21 243
52 35 79
44 27 654
64 90 427
50 88 693
41 6 985
28 59 297
60 85 76
97 80 420
94 47 116
26 9 814
15 47 392
66 91 467
63 26 735
33 60 662
6 19 878
6 51 116
84 80 79
10 22 319
74 43 650
97 35 470
53 56 984
53 85 612
99 44 730
59 28 240
81 55 542
87 79 924
72 35 399
93 32 444
20 32 367
57 15 864
31 84 944
80 53 971
45 83 157
51 49 893
67 8 259
43 29 447
48 56 483
77 66 676
23 2 49
45 86 362
14 56 195
45 7 526
78 80 41
6 65 11
35 93 745
57 61 739
39 16 643
67 29 332
49 32 398
56 57 217
53 75 971
98 2 935
85 13 809
74 52 871
34 37 755
43 100 283
39 6 842
56 18 491
65 15 605
29 1 304
47 35 973
70 61 932
53 49 182
9 18 332
62 100 913
79 73 41
7 78 705
1 71 786
90 69 524
66 39 570
85 71 560
22 27 398
70 96 103
41 97 72
36 60 739
35 94 682
14 33 265
46 66 435
44 22 613
87 36 368
99 20 151
31 63 600
38 86 290
99 56 345
36 98 913
64 72 232
65 8 503
14 15 379
57 40 35
93 6 683
18 35 88
60 89 810
38 9 504
9 12 657
65 98 915
49 6 757
1 3 337
5 68 829
63 52 52
79 89 376
7 5 399
38 91 967
57 65 317
36 14 450
64 79 789
19 66 936
60 25 681
45 27 338
79 76 79
89 27 812
20 3 156
81 63 612
45 24 15
7 11 156
73 22 136
74 47 40
68 6 521
14 30 65
50 9 618
90 1 941
10 61 160
59 7 841
2 53 299
59 39 651
23 91 105
50 26 326
57 83 360
39 27 731
12 21 5
37 100 45
71 51 700
34 15 410
28 57 497
87 16 987
73 25 346
85 90 193
6 20 576
85 24 736
69 54 584
77 18 243
78 85 497
38 55 402
34 51 429
8 35 154
13 96 13
90 58 745
71 88 964
63 58 558
4 87 491
11 52 879
16 75 475
26 49 130
17 40 439
42 44 640
99 96 411
79 68 348
25 68 119
4 86 993
41 2 838
25 89 622
37 96 245
85 100 747
4 91 309
30 52 280
53 98 863
46 89 784
97 20 695
48 30 930
61 53 471
71 69 328
17 11 58
72 67 369
29 51 480
63 76 254
50 12 714
66 43 838
91 46 582
33 92 586
90 82 293
52 77 935
80 51 875
12 41 530
2 4 249
13 98 67
48 93 491
90 31 755
11 10 510
78 25 554
24 62 907
16 69 564
33 34 265
22 3 490
16 10 363
69 33 219
26 2 485
89 13 873
44 83 119
82 14 268
24 40 11
91 61 807
65 4 107
33 7 7
43 29 59
86 64 70
10 50 732
3 99 858
44 56 726
98 92 816
99 67 514
90 21 434
92 97 726
6 63 338
11 66 432
90 7 229
45 32 496
85 1 690
100 2 21
15 8 151
6 90 627
87 26 567
81 17 783
44 67 938
89 8 270
10 91 258
14 67 66
54 53 786
15 28 538
36 83 231
38 18 560
46 60 534
75 48 219
67 91 370
46 58 512
21 60 50
22 1 475
3 17 192
39 36 841
19 60 932
89 87 186
81 59 509
23 72 344
77 30 447
99 46 334
49 66 190
3 18 240
90 57 162
14 51 502
96 53 923
64 30 348
65 40 477
48 55 931
41 10 535
67 74 934
68 99 180
35 31 190
73 28 272
43 44 643
84 64 880
36 34 425
61 60 279
87 49 344
2 16 288
74 67 261
54 42 866
20 40 866
46 66 838
61 68 817
17 52 371
25 83 645
33 52 900
91 62 412
2 26 505
95 15 931
84 43 573
36 19 735
13 48 102
14 13 615
9 99 593
44 89 135
27 6 283
23 70 934
94 20 163
16 7 380
62 82 753
85 98 242
91 57 982
58 3 87
11 26 956
51 56 539
12 69 274
24 56 476
22 2 905
42 51 757
48 33 621
13 28 379
73 38 441
75 22 755
28 6 877
97 22 771
41 52 337
97 81 320
70 61 982
32 86 219
74 36 916
56 32 819
18 75 120
45 90 318
72 99 448
23 90 7
30 44 232
30 18 103
10 3 422
97 8 84
83 71 879
68 77 572
61 59 614
65 24 88
32 78 676
4 31 699
89 32 763
33 30 436
6 5 742
45 46 149
85 45 587
88 14 704
50 38 557
46 58 798
60 68 219
73 32 777
48 21 225
9 99 740
12 89 909
36 63 651
93 60 785
54 46 307
4 29 970
2 11 195
31 15 133
54 98 761
48 73 767
19 66 784
4 78 269
46 10 115
63 12 965
35 75 118
5 75 150
79 45 793
77 8 351
81 97 766
27 35 885
48 12 201
73 68 163
93 51 799
29 36 313
22 78 87
31 72 14
25 28 637
100 75 4
19 38 829
42 35 435
82 86 118
99 57 197
6 21 411
31 93 772
22 95 497
41 39 838
21 90 975
16 22 237
4 80 237
21 99 366
32 76 922
30 27 191
32 5 227
90 48 596
63 17 635
47 1 933
52 84 500
76 98 938
48 100 133
14 30 318
29 8 40
22 84 996
45 73 799
22 98 914
87 52 782
61 99 742
61 72 247
82 39 377
68 83 689
32 41 558
95 19 357
2 80 724
49 67 905
75 99 948
4 16 418
92 59 358
7 65 208
40 100 370
21 29 769
23 1 909
88 38 136
88 56 88
6 16 590
22 17 347
80 33 645
32 19 944
32 54 777
23 97 26
88 58 235
15 6 604
67 87 391
24 28 201
60 18 394
22 97 532
98 15 333
19 44 483
44 1 245
41 39 738
70 1 704
37 7 573
73 27 323
99 40 634
85 96 20
96 50 869
59 17 380
9 26 137
80 33 198
19 87 689
33 69 12
97 6 627
92 78 673
95 77 574
24 52 246
60 64 661
62 100 756
11 18 905
38 91 28
13 90 719
3 70 771
47 25 336
89 93 126
84 65 806
71 48 994
60 41 944
5 30 500
96 4 735
50 30 327
82 71 714
79 86 422
56 98 876
2 48 243
29 62 534
94 47 144
57 53 649
41 48 319
29 54 276
63 43 362
73 26 226
44 90 68
18 55 725
31 17 954
40 30 9
88 60 550
7 70 537
93 73 195
2 4 406
93 94 955
4 73 88
97 86 965
71 3 520
22 46 137
67 97 299
79 44 671
83 16 41
64 89 651
15 8 134
34 25 400
99 59 272
1 56 57
12 55 484
92 33 713
88 80 234
8 59 6
47 76 122
78 76 325
34 13 607
27 95 593
23 69 226
87 93 145
54 59 861
32 53 107
8 58 260
37 60 245
46 81 826
14 42 352
26 92 248
39 48 853
63 90 472
12 63 274
68 91 762
20 3 95
4 78 641
1 36 39
38 94 299
21 41 815
72 11 352
31 7 981
35 38 179
33 14 783
63 23 302
30 42 417
15 34 776
56 15 71
15 79 513
69 79 712
62 83 856
29 6 732
69 97 378
64 30 116
51 42 739
60 100 53
56 87 177
23 59 848
77 69 214
2 62 240
25 30 726
18 39 148
80 40 481
99 66 905
66 11 950
55 52 612
51 66 618
53 85 715
36 95 409
88 51 639
45 42 33
66 100 882
76 41 8
39 55 174
10 27 433
9 42 9
56 87 744
77 67 841
9 44 713
90 75 197
2 30 193
12 42 99
27 53 236
51 83 557
81 76 810
74 58 899
6 64 78
59 8 556
47 22 737
10 80 75
44 84 245
96 35 582
18 89 353
22 71 237
82 38 854
44 29 613
32 73 180
13 100 716
22 68 972
2 100 615
55 93 167
53 39 738
89 14 210
61 49 79
3 8 65
59 38 387
68 99 546
40 58 806
20 44 576
82 26 661
16 21 234
47 97 486
41 92 960
100 59 48
69 59 231
44 83 149
50 14 332
63 7 559
13 79 192
22 62 681
93 30 600
84 32 460
12 86 203
1 11 864
11 22 254
2 23 570
73 8 667
73 78 431
1 92 691
65 47 108
94 44 35
7 85 988
100 36 6
83 4 993
10 47 373
7 73 825
55 4 891
15 31 478
95 52 856
86 36 836
81 91 490
2 88 946
81 73 821
59 67 673
62 100 366
57 64 605
44 55 69
21 87 359
29 31 439
10 89 695
33 11 403
78 18 870
80 32 690
4 18 830
86 76 480
57 92 968
50 61 664
81 83 397
24 55 547
55 91 767
59 45 654
93 100 615
46 30 255
28 10 13
40 20 614
3 99 248
60 49 387
3 5 469
12 43 595
46 13 34
13 27 53
1 44 793
90 86 883
40 37 160
80 4 803
46 58 190
21 17 342
10 44 373
53 7 653
15 35 957
79 90 610
65 40 876
35 1 470
33 40 20
21 64 577
29 11 483
28 12 92
97 13 303
85 29 614
43 14 637
8 9 933
41 22 601
35 2 736
29 75 186
56 70 343
1 42 352
55 87 350
17 47 374
61 20 333
92 88 467
66 83 7
47 66 608
68 59 430
71 51 902
67 89 544
41 99 80
71 77 675
89 16 881
57 92 69
92 80 308
72 18 389
18 89 734
32 12 488
72 83 779
27 34 330
2 59 148
46 52 473
98 82 107
100 8 274
96 6 722
43 23 939
62 64 701
6 43 297
99 42 468
9 82 193
33 72 502
23 85 702
28 40 446
23 54 697
41 54 810
99 70 976
79 50 1
65 31 893
51 1 187
92 23 245
97 94 673
24 20 813
16 11 255
11 36 881
11 23 597
57 10 849
73 42 181
78 60 823
2 61 819
35 89 974
32 37 637
70 1 247
16 1 444
52 11 862
95 47 636
86 95 592
92 17 737
49 17 325
31 87 474
50 65 450
31 82 257
89 93 906
70 27 396
26 3 239
72 81 623
40 100 838
7 3 366
26 82 67
68 53 492
79 98 798
61 37 896
77 18 416
59 2 791
78 6 32
25 66 22
98 75 759
83 12 611
70 22 652
55 58 801
15 81 107
47 46 838
19 81 105
88 83 261
7 88 245
78 95 732
38 15 930
64 8 337
82 64 131
41 78 92
1 59 55
58 31 241
6 55 197
1 84 165
18 50 208
7 75 137
72 70 301
72 97 221
44 84 243
52 8 433
79 46 805
66 6 500
37 20 190
32 37 770
46 87 690
31 45 776
76 43 214
32 49 433
79 68 951
7 68 580
5 2 970
9 62 655
96 56 612
97 32 744
48 96 75
31 88 203
98 76 53
13 27 378
30 24 420
27 86 115
49 54 426
7 79 890
33 45 774
8 76 222
27 20 139
19 32 808
2 34 796
54 88 676
11 50 898
35 40 43
13 67 963
38 65 80
98 89 421
72 19 514
32 91 236
28 90 947
92 53 124
97 9 658
53 10 613
35 71 968
96 89 798
94 62 53
14 40 200
49 58 718
38 51 153
99 25 798
42 98 714
84 3 748
32 12 254
10 41 549
41 90 624
29 94 453
2 50 2
92 7 169
89 59 70
27 80 864
10 23 518
84 68 771
74 84 812
32 37 668
50 84 151
66 94 575
10 61 690
88 90 111
12 25 617
80 88 14
72 71 854
62 57 56
70 4 953
5 10 783
40 30 323
79 73 271
2 95 236
31 20 926
99 32 370
4 74 613
9 97 257
42 94 282
7 69 785
78 55 614
12 15 97
55 43 765
1 95 377
92 56 749
31 1 979
76 44 733
6 50 167
27 58 935
12 18 446
98 66 765
33 17 875
35 71 368
17 24 263
78 26 987
78 88 213
55 89 217
29 10 118
9 17 643
7 29 43
98 60 147
63 28 836
22 54 801
30 16 162
44 24 794
1 89 663
28 16 310
16 62 560
100 80 929
72 90 587
60 8 929
9 20 970
44 68 944
99 42 131
65 72 692
12 74 7
16 35 679
92 79 252
85 48 794
42 63 736
54 55 635
42 10 610
72 20 230
32 94 856
71 48 180
31 63 351
75 43 516
35 94 202
81 48 983
49 64 290
25 75 998
9 72 359
62 19 229
19 58 506
59 10 708
10 65 603
41 12 875
16 91 718
20 12 276
34 1 478
75 94 20
96 50 588
1 19 612
41 59 604
64 12 99
5 94 670
46 5 294
33 81 679
45 56 632
9 47 486
11 17 334
93 64 358
9 27 659
20 82 217
11 91 66
62 90 681
5 11 326
96 75 908
9 47 348
44 14 320
20 40 7
39 13 667
75 29 475
12 24 231
57 38 267
37 1 14
89 58 119
88 95 824
24 84 115
69 53 780
67 56 283
94 4 177
98 97 48
43 11 229
2 70 692
97 83 893
76 82 330
62 43 307
79 14 563
96 87 579
5 33 62
4 81 550
28 11 868
72 81 104
69 17 614
100 71 294
96 36 169
38 95 728
95 53 562
32 34 212
79 12 818
2 75 957
46 100 405
76 92 640
72 49 85
30 28 149
57 6 188
71 93 916
62 32 845
22 19 995
25 1 332
90 74 762
97 60 274
96 89 896
13 79 242
40 37 374
11 32 607
88 9 855
42 49 474
31 100 600
80 12 471
58 17 961
88 29 106
5 51 347
66 69 684
18 84 596
95 49 344
61 85 771
76 51 184
96 57 571
91 26 322
25 1 520
43 73 27
54 93 311
95 82 744
34 30 856
69 1 740
67 54 386
76 11 889
16 39 476
90 56 734
8 6 679
51 85 180
48 100 873
87 51 722
4 11 697
39 98 507
65 84 463
16 18 122
53 43 587
17 51 115
89 17 182
79 12 128
75 12 685
84 85 624
55 1 285
93 50 835
4 21 100
58 80 43
18 34 250
3 19 794
34 65 499
81 19 265
91 70 562
8 18 223
4 22 543
48 20 259
42 90 126
66 82 129
93 81 860
38 70 546
2 71 998
52 94 220
2 81 989
13 7 450
78 86 481
23 77 240
97 1 228
23 91 975
73 18 411
72 26 604
20 82 588
16 98 757
87 21 622
88 23 475
48 82 986
83 47 965
86 38 240
41 99 51
80 95 196
58 73 345
3 8 430
77 94 508
100 47 615
23 58 233
59 70 632
4 33 714
68 97 465
87 89 874
15 66 764
44 3 836
70 85 847
6 3 308
100 11 956
72 70 900
52 40 126
23 74 905
98 59 352
19 83 970
27 21 649
59 19 484
32 18 878
83 2 609
88 59 427
2 93 835
11 66 300
74 59 77
35 30 773
99 43 168
78 16 397
54 87 2
1 52 95
92 79 169
24 8 439
27 5 245
71 11 157
19 86 84
67 68 319
63 31 252
23 88 972
97 32 137
45 51 189
93 67 750
62 32 293
50 2 380
54 96 708
94 27 203
98 34 66
35 70 84
32 77 792
69 39 963
86 68 769
70 53 401
73 83 592
87 1 47
34 20 206
27 70 68
8 68 30
26 23 341
18 66 452
50 9 729
40 57 900
61 19 354
85 9 241
8 21 117
10 25 995
46 92 243
95 92 483
75 50 479
14 61 227
59 47 625
15 79 935
34 31 683
66 79 989
61 4 684
50 26 105
99 79 363
73 62 60
32 9 598
13 8 525
21 36 212
70 95 947
50 8 129
7 34 210
32 55 483
25 86 589
78 1 22
40 13 291
41 81 801
69 90 905
99 80 200
8 49 980
34 82 548
51 100 882
38 25 468
64 82 189
62 94 751
7 75 48
52 5 451
44 43 419
45 46 621
30 25 804
52 8 632
99 3 591
77 84 295
99 31 289
27 63 249
11 40 636
38 96 226
10 74 23
40 18 416
12 6 159
63 64 739
99 52 385
60 53 999
76 25 602
77 31 740
16 84 772
3 64 487
5 90 999
56 31 38
78 8 259
94 58 377
3 1 363
51 80 873
17 88 454
48 33 190
74 85 945
89 29 208
52 1 184
46 66 580
99 45 916
73 31 894
8 95 824
26 16 835
46 67 434
66 79 880
61 47 319
97 38 581
99 71 835
51 12 162
74 30 728
99 49 707
66 40 786
18 38 328
4 94 386
99 57 449
62 37 437
23 55 384
99 82 926
46 66 48
41 92 80
54 44 712
84 90 457
82 28 123
97 25 881
36 80 74
46 89 733
69 40 542
4 73 921
44 68 644
38 64 122
69 31 329
96 73 774
93 87 591
36 10 543
80 51 944
73 69 513
22 43 298
78 51 36
84 6 728
13 1 500
13 12 926
68 74 127
74 94 753
43 63 698
77 95 920
94 88 477
75 60 757
14 16 150
65 38 12
84 82 875
79 48 476
92 77 538
12 79 995
1 35 301
86 2 688
89 5 728
10 25 680
98 86 382
61 21 615
41 20 845
63 82 945
67 55 588
22 15 194
37 90 262
55 64 915
31 33 296
86 26 192
79 2 427
56 8 467
99 97 996
5 13 176
29 40 545
26 84 966
13 82 980
88 14 175
17 60 743
85 76 579
67 54 182
67 87 203
57 70 854
99 42 41
28 4 157
22 96 478
55 20 179
100 39 12
23 46 589
6 22 10
40 49 313
77 5 502
49 86 446
22 11 883
1 97 204
1 4 88
49 22 463
33 39 662
19 28 4
2 76 653
65 27 164
10 36 468
44 64 652
51 56 917
4 40 726
17 29 26
80 85 762
89 34 611
47 59 204
40 26 450
88 57 245
48 28 319
17 89 18
40 33 554
93 28 132
31 52 79
24 6 91
88 38 700
18 74 294
58 54 544
91 14 704
54 43 715
37 8 649
44 78 254
35 32 902
2 63 319
38 82 302
10 84 323
46 49 96
60 62 742
87 60 644
76 44 139
33 8 406
58 55 655
95 63 551
98 92 268
58 41 962
89 53 418
97 49 173
40 93 236
10 57 71
92 79 441
14 20 392
81 20 174
7 47 907
21 7 288
86 27 59
95 47 281
58 28 553
65 70 914
19 49 181
89 1 578
68 53 959
35 77 890
62 82 277
36 91 51
47 74 355
100 76 334
30 59 785
44 33 678
93 62 908
77 95 62
67 52 400
71 55 337
1 69 277
11 28 365
43 61 526
85 65 271
6 76 149
49 42 781
93 81 350
82 61 137
49 5 705
46 70 107
33 14 116
44 17 943
72 74 787
3 87 925
59 33 108
50 45 10
42 23 919
7 25 310
74 72 141
87 24 258
23 40 549
22 53 607
48 30 175
36 8 775
22 51 867
96 84 756
64 37 232
32 77 488
66 16 311
7 54 79
10 38 233
24 48 7
50 64 30
49 76 332
73 19 361
88 5 273
23 88 81
98 32 599
89 20 817
30 42 65
81 39 539
87 21 273
74 86 75
76 77 158
51 81 875
46 62 990
67 9 863
92 98 75
40 91 577
66 72 898
95 87 123
80 10 129
12 30 91
8 76 504
1 95 108
25 9 424
80 93 76
43 56 739
27 98 588
38 94 339
47 4 199
2 63 817
4 95 347
67 9 424
17 12 634
82 92 184
92 43 752
59 8 173
60 77 447
48 19 419
63 2 387
88 5 31
85 61 792
22 52 357
69 76 879
60 36 292
98 79 87
45 90 511
70 80 393
100 65 691
91 36 937
88 72 158
19 17 163
12 90 928
25 12 778
91 44 262
66 57 583
19 74 704
61 49 257
72 34 10
